Z,Yc,h,omegaYc,T,N2,AR,HE,H,O2,OH,O,H2,H2O,HO2,CO,CO2,HCO,CH3,CH4,CH2O,T-CH2,S-CH2,C2H4,CH3O,C2H5,C2H6,H2O2,C2H2,C2H3,CH2CHO,CH2CO,CH2OH,CH3CHO,CH3CO,C2H5OH,CH2CH2OH,CH3CHOH,CH3CH2O
-0,0,1893.98,0,300,0.75425,0.01378,0,0,0.23197,0,0,0,0,0,0,0,0,0,0,0,0,0,0,0,0,0,0,0,0,0,0,0,0,0,0,0,0,0
-0,0,1893.98,0,300,0.75425,0.01378,0,0,0.23197,0,0,0,0,0,0,0,0,0,0,0,0,0,0,0,0,0,0,0,0,0,0,0,0,0,0,0,0,0
-0,0,1893.98,0,300,0.75425,0.01378,0,0,0.23197,0,0,0,0,0,0,0,0,0,0,0,0,0,0,0,0,0,0,0,0,0,0,0,0,0,0,0,0,0
-0,0,1893.98,0,300,0.75425,0.01378,0,0,0.23197,0,0,0,0,0,0,0,0,0,0,0,0,0,0,0,0,0,0,0,0,0,0,0,0,0,0,0,0,0
-0,0,1893.97,0,300,0.75425,0.01378,0,0,0.23197,0,0,0,0,0,0,0,0,0,0,0,0,0,0,0,0,0,0,0,0,0,0,0,0,0,0,0,0,0
-0,0,1893.98,0,300,0.75425,0.01378,0,0,0.23197,0,0,0,0,0,0,0,0,0,0,0,0,0,0,0,0,0,0,0,0,0,0,0,0,0,0,0,0,0
-0,0,1893.97,0,300,0.75425,0.01378,0,0,0.23197,0,0,0,0,0,0,0,0,0,0,0,0,0,0,0,0,0,0,0,0,0,0,0,0,0,0,0,0,0
-0,0,1893.97,0,300,0.75425,0.01378,0,0,0.23197,0,0,0,0,0,0,0,0,0,0,0,0,0,0,0,0,0,0,0,0,0,0,0,0,0,0,0,0,0
-0,0,1893.96,0,300,0.75425,0.01378,0,0,0.23197,0,0,0,0,0,0,0,0,0,0,0,0,0,0,0,0,0,0,0,0,0,0,0,0,0,0,0,0,0
-0,0,1893.95,0,300,0.75425,0.01378,0,0,0.23197,0,0,0,0,0,0,0,0,0,0,0,0,0,0,0,0,0,0,0,0,0,0,0,0,0,0,0,0,0
-0,0,1893.94,0,300,0.75425,0.01378,0,0,0.23197,0,0,0,0,0,0,0,0,0,0,0,0,0,0,0,0,0,0,0,0,0,0,0,0,0,0,0,0,0
-0,0,1893.92,0,300,0.75425,0.01378,0,0,0.23197,0,0,0,0,0,0,0,0,0,0,0,0,0,0,0,0,0,0,0,0,0,0,0,0,0,0,0,0,0
-0,0,1893.89,0,300,0.75425,0.01378,0,0,0.23197,0,0,0,0,0,0,0,0,0,0,0,0,0,0,0,0,0,0,0,0,0,0,0,0,0,0,0,0,0
-0,0,1893.85,0,300,0.75425,0.01378,0,0,0.23197,0,0,0,0,0,0,0,0,0,0,0,0,0,0,0,0,0,0,0,0,0,0,0,0,0,0,0,0,0
-0,0,1893.77,0,300.001,0.75425,0.01378,0,0,0.23197,0,0,0,0,0,0,0,0,0,0,0,0,0,0,0,0,0,0,0,0,0,0,0,0,0,0,0,0,0
-0,0,1893.65,0,300.001,0.75425,0.01378,0,0,0.23197,0,0,0,0,0,0,0,0,0,0,0,0,0,0,0,0,0,0,0,0,0,0,0,0,0,0,0,0,0
0,0,1893.47,0,300.001,0.75425,0.01378,0,0,0.23197,0,0,0,0,0,0,0,0,0,0,0,0,0,0,0,0,0,0,0,0,0,0,0,0,0,0,0,0,0
0,0,1893.2,0,300.002,0.75425,0.01378,0,0,0.23197,0,0,0,0,0,0,0,0,0,0,0,0,0,0,0,0,0,0,0,0,0,0,0,0,0,0,0,0,0
0,0,1892.76,0,300.003,0.75425,0.01378,0,0,0.23197,0,0,0,0,0,0,0,0,0,0,0,0,0,0,0,0,0,0,0,0,0,0,0,0,0,0,0,0,0
0,1e-06,1892.1,0,300.005,0.75425,0.01378,0,0,0.23197,0,0,0,0,0,0,0,0,0,0,0,0,0,0,0,0,0,0,0,0,0,0,0,0,0,0,0,0,0
0,1e-06,1891.11,0,300.007,0.75425,0.01378,0,0,0.231969,0,0,0,0,0,0,1e-06,0,0,0,0,0,0,0,0,0,0,0,0,0,0,0,0,0,0,0,0,0,0
0,1e-06,1889.59,0,300.011,0.75425,0.01378,0,0,0.231969,0,0,0,1e-06,0,0,1e-06,0,0,0,0,0,0,0,0,0,0,0,0,0,0,0,0,0,0,0,0,0,0
1e-06,2e-06,1887.3,0,300.016,0.754249,0.01378,0,0,0.231968,0,0,0,1e-06,0,0,1e-06,0,0,0,0,0,0,0,0,0,0,0,0,0,0,0,0,0,0,0,0,0,0
1e-06,3e-06,1883.84,0,300.025,0.754249,0.01378,0,0,0.231968,0,0,0,1e-06,0,0,2e-06,0,0,0,0,0,0,0,0,0,0,0,0,0,0,0,0,0,0,0,0,0,0
2e-06,5e-06,1878.67,0,300.038,0.754249,0.01378,0,0,0.231966,0,0,0,2e-06,0,0,3e-06,0,0,0,0,0,0,0,0,0,0,0,0,0,0,0,0,0,0,0,0,0,0
2e-06,7e-06,1870.96,0,300.057,0.754248,0.01378,0,0,0.231964,0,0,0,3e-06,0,0,5e-06,0,0,0,0,0,0,0,0,0,0,0,0,0,0,0,0,0,0,0,0,0,0
4e-06,1.1e-05,1859.55,0,300.085,0.754247,0.01378,0,0,0.231962,0,0,0,4e-06,0,0,7e-06,0,0,0,0,0,0,0,0,0,0,0,0,0,0,0,0,0,0,0,0,0,0
5e-06,1.7e-05,1842.72,3.08218e-05,300.189,0.754243,0.0137799,0,9.3697e-11,0.23195,1.63338e-08,3.68606e-09,1.22571e-09,1.01622e-05,1.10547e-09,1.14534e-07,1.63992e-05,0,2.50034e-11,1.08389e-11,2.5659e-11,2.17596e-11,0,3.43875e-09,0,0,3.20012e-11,4.89964e-10,1.66728e-09,6.82548e-11,0,2.51549e-11,1.2936e-10,1.64957e-16,0,1.02225e-12,0,2.92528e-12,0
8e-06,2.5e-05,1818.05,4.93043e-05,300.302,0.75424,0.0137798,0,1.49887e-10,0.231938,2.61281e-08,5.89634e-09,1.96077e-09,1.62525e-05,1.76811e-09,1.83191e-07,2.62274e-05,0,4.00002e-11,1.73402e-11,4.10495e-11,3.48103e-11,0,5.50139e-09,0,0,5.11967e-11,7.83623e-10,2.6673e-09,1.09193e-10,0,4.02426e-11,2.06955e-10,2.6391e-16,0,1.63547e-12,0,4.68001e-12,0
1.2e-05,3.6e-05,1782.1,7.39355e-05,300.452,0.754234,0.0137797,0,2.24775e-10,0.231922,3.91803e-08,8.84182e-09,2.94042e-09,2.43648e-05,2.6509e-09,2.74659e-07,3.93185e-05,0,5.99899e-11,2.60061e-11,6.15647e-11,5.22053e-11,0,8.25086e-09,0,0,7.67849e-11,1.1748e-09,4.00027e-09,1.63761e-10,0,6.03534e-11,3.10391e-10,3.95823e-16,0,2.45294e-12,0,7.01914e-12,0
1.7e-05,5.3e-05,1730.06,0.000104705,300.64,0.754228,0.0137796,0,3.18333e-10,0.231902,5.54845e-08,1.25211e-08,4.16429e-09,3.44921e-05,3.7532e-09,3.88874e-07,5.56613e-05,0,8.49672e-11,3.68348e-11,8.71996e-11,7.39395e-11,0,1.16866e-08,0,0,1.08761e-10,1.66317e-09,5.66583e-09,2.31943e-10,0,8.54821e-11,4.39648e-10,5.60676e-16,0,3.47454e-12,0,9.94224e-12,0
2.5e-05,7.8e-05,1655.19,0.000153891,300.941,0.754217,0.0137794,0,4.67907e-10,0.23187,8.15457e-08,1.84023e-08,6.12092e-09,5.06658e-05,5.51414e-09,5.71344e-07,8.17612e-05,0,1.24909e-10,5.4152e-11,1.28195e-10,1.08692e-10,0,1.71811e-08,0,0,1.599e-10,2.44319e-09,8.32927e-09,3.40973e-10,0,1.25666e-10,6.46373e-10,8.24352e-16,0,5.10854e-12,0,1.46173e-11,0
3.7e-05,0.000112,1548.2,0.000227568,301.39,0.754202,0.0137791,0,6.91996e-10,0.231822,1.2058e-07,2.72107e-08,9.05226e-09,7.48574e-05,8.14931e-09,8.44421e-07,0.0001208,0,1.8477e-10,8.0108e-11,1.89642e-10,1.60772e-10,0,2.5417e-08,0,0,2.36561e-10,3.61007e-09,1.23211e-08,5.04376e-10,0,1.8589e-10,9.56262e-10,1.21967e-15,0,7.55828e-12,0,2.16258e-11,0
5.3e-05,0.000162,1396.41,0.000325614,301.986,0.754181,0.0137787,0,9.9028e-10,0.231759,1.72517e-07,3.89309e-08,1.29541e-08,0.000106985,1.16513e-08,1.20736e-06,0.000172645,0,2.64492e-10,1.1468e-10,2.71486e-10,2.30121e-10,0,3.63874e-08,0,0,3.38685e-10,5.16009e-09,1.76374e-08,7.21989e-10,0,2.66097e-10,1.36909e-09,1.7464e-15,0,1.08223e-11,0,3.09627e-11,0
7.5e-05,0.000231,1182.66,0.000460079,302.801,0.754153,0.0137782,0,1.3995e-09,0.231672,2.43735e-07,5.50013e-08,1.8307e-08,0.000150926,1.64451e-08,1.70426e-06,0.000243552,0,3.7394e-10,1.6215e-10,3.83868e-10,3.2531e-10,0,5.14522e-08,0,0,4.78945e-10,7.28061e-09,2.49362e-08,1.02074e-09,0,3.76211e-10,1.93608e-09,2.47001e-15,0,1.53063e-11,0,4.37872e-11,0
0.000107,0.000328,884.048,0.000654964,303.979,0.754112,0.0137775,0,1.99289e-09,0.231547,3.46926e-07,7.82856e-08,2.60686e-08,0.00021436,2.33746e-08,2.42267e-06,0.000345915,0,5.32801e-10,2.31068e-10,5.47026e-10,4.63435e-10,0,7.3326e-08,0,0,6.82644e-10,1.03431e-08,3.55306e-08,1.45434e-09,0,5.3604e-10,2.75952e-09,3.52128e-15,0,2.18206e-11,0,6.2414e-11,0
0.000151,0.000463,470.399,0.000921619,305.58,0.754056,0.0137765,0,2.80536e-09,0.231377,4.88067e-07,1.10132e-07,3.66955e-08,0.000300676,3.28205e-08,3.40227e-06,0.0004852,0,7.50618e-10,3.25593e-10,7.70813e-10,6.52744e-10,0,1.03332e-07,0,0,9.62159e-10,1.45127e-08,5.00573e-08,2.04883e-09,0,7.55187e-10,3.88945e-09,4.9646e-15,0,3.07638e-11,0,8.79775e-11,0
0.000211,0.000647,-97.4432,0.0012829,307.733,0.753981,0.0137751,0,3.90718e-09,0.231148,6.79201e-07,1.53254e-07,5.11062e-08,0.000416739,4.55529e-08,4.72328e-06,0.000672482,0,1.04657e-09,4.54084e-10,1.07503e-09,9.09827e-10,0,1.44131e-07,0,0,1.34236e-09,2.01234e-08,6.97966e-08,2.85651e-09,0,1.05296e-09,5.42644e-09,6.92922e-15,0,4.29365e-11,0,1.22757e-10,0
0.000293,0.000898,-869.405,0.00177257,310.619,0.753881,0.0137733,0,5.40247e-09,0.230842,9.3808e-07,2.11655e-07,7.06617e-08,0.000572421,6.2689e-08,6.50231e-06,0.000923686,0,1.44926e-09,6.29023e-10,1.48923e-09,1.25937e-09,0,1.99696e-07,0,0,1.86046e-09,2.76571e-08,9.66573e-08,3.95537e-09,0,1.45813e-09,7.52089e-09,9.60898e-15,0,5.9539e-11,0,1.70162e-10,0
0.000403,0.001236,-1907.84,0.00242268,314.395,0.75375,0.0137709,0,7.39112e-09,0.23044,1.28146e-06,2.89109e-07,9.66674e-08,0.00077622,8.52233e-08,8.84393e-06,0.00125252,0,1.98672e-09,8.627e-10,2.04253e-09,1.72542e-09,0,2.73951e-07,0,0,2.55333e-09,3.75327e-08,1.32512e-07,5.42176e-09,0,1.99892e-09,1.0322e-08,1.31975e-14,0,8.17693e-11,0,2.33584e-10,0
0.000549,0.001684,-3288.78,0.003275,319.25,0.75358,0.0137678,0,1.00043e-08,0.229923,1.73109e-06,3.90508e-07,1.30838e-07,0.00103842,1.1439e-07,1.1879e-05,0.00167556,0,2.6963e-09,1.17156e-09,2.77391e-09,2.3399e-09,0,3.72153e-07,0,0,3.47057e-09,5.02605e-08,1.79856e-07,7.35742e-09,0,2.71294e-09,1.40303e-08,1.79563e-14,0,1.11246e-10,0,3.17584e-10,0
0.000741,0.002274,-5102.36,0.00438045,325.385,0.753366,0.0137639,0,1.3404e-08,0.229269,2.31331e-06,5.21775e-07,1.75288e-07,0.00137013,1.51583e-07,1.5757e-05,0.00221071,0,3.6252e-09,1.57646e-09,3.73283e-09,3.1429e-09,0,5.00995e-07,0,0,4.67558e-09,6.63979e-08,2.41848e-07,9.89069e-09,0,3.64771e-09,1.89022e-08,2.42225e-14,0,1.50053e-10,0,4.2801e-10,0
0.00099,0.003037,-7451.94,0.00579382,332.968,0.753102,0.013759,0,1.77677e-08,0.22846,3.0561e-06,6.89189e-07,2.32344e-07,0.00178068,1.98088e-07,2.06208e-05,0.00287298,0,4.82722e-09,2.10142e-09,4.97622e-09,4.1796e-09,0,6.68204e-07,0,0,6.24209e-09,8.64243e-08,3.2209e-07,1.31677e-08,0,4.85744e-09,2.52361e-08,3.23929e-14,0,2.00641e-10,0,5.71684e-10,0
0.001307,0.004012,-10451.4,0.00757053,342.097,0.752782,0.0137532,0,2.32806e-08,0.227484,3.9873e-06,8.98973e-07,3.04432e-07,0.00227578,2.549e-07,2.65897e-05,0.00367152,0,6.36155e-09,2.77312e-09,6.56747e-09,5.49906e-09,0,8.82431e-07,0,0,8.25342e-09,1.1065e-07,4.24553e-07,1.7349e-08,0,6.40178e-09,3.33692e-08,4.2923e-14,0,2.65821e-10,0,7.56352e-10,0
0.001706,0.005236,-14220.6,0.0097885,352.891,0.752404,0.0137463,0,3.02054e-08,0.226327,5.14579e-06,1.15981e-06,3.95009e-07,0.00286252,3.23312e-07,3.38257e-05,0.00461771,0,8.31379e-09,3.63036e-09,8.59865e-09,7.17178e-09,0,1.15627e-06,0,0,1.08313e-08,1.39457e-07,5.54984e-07,2.26663e-08,0,8.36704e-09,4.37941e-08,5.64824e-14,0,3.49723e-10,0,9.93348e-10,0
0.002199,0.00675,-18878.5,0.0125284,365.369,0.751965,0.0137382,0,3.8824e-08,0.224986,6.57089e-06,1.48043e-06,5.07811e-07,0.00354278,4.04153e-07,4.24609e-05,0.00571444,0,1.07819e-08,4.7181e-09,1.11766e-08,9.2771e-09,0,1.5044e-06,0,0,1.41192e-08,1.72964e-07,7.19973e-07,2.93843e-08,0,1.0852e-08,5.70923e-08,7.3875e-14,0,4.57297e-10,0,1.29611e-09,0
0.002798,0.008588,-24536.2,0.0158966,379.546,0.751464,0.0137291,0,4.95117e-08,0.223456,8.31402e-06,1.87224e-06,6.47855e-07,0.00431849,4.9838e-07,5.26688e-05,0.00696467,0,1.38997e-08,6.09823e-09,1.44484e-08,1.19228e-08,0,1.94711e-06,0,0,1.83165e-08,2.11272e-07,9.28544e-07,3.78645e-08,0,1.39918e-08,7.40705e-08,9.62254e-14,0,5.95468e-10,0,1.68332e-09,0
0.003513,0.010782,-31288.7,0.0200271,395.427,0.7509,0.0137188,0,6.2749e-08,0.221735,1.04393e-05,2.34941e-06,8.2163e-07,0.00519129,6.06991e-07,6.46676e-05,0.00837081,0,1.78447e-08,7.85328e-09,1.86102e-08,1.525e-08,0,2.51155e-06,0,0,2.36914e-08,2.54418e-07,1.19266e-06,4.8585e-08,0,1.79654e-08,9.58159e-08,1.25065e-13,0,7.73652e-10,0,2.18023e-09,0
0.004352,0.013356,-39208.9,0.0250949,413.046,0.750271,0.0137073,0,7.91685e-08,0.219816,1.30298e-05,2.93023e-06,1.03778e-06,0.00616468,7.3122e-07,7.87585e-05,0.00993823,0,2.28566e-08,1.00957e-08,2.39294e-08,1.94483e-08,0,3.23484e-06,0,0,3.06127e-08,3.0246e-07,1.52851e-06,6.21915e-08,0,2.30149e-08,1.23823e-07,1.62518e-13,0,1.00491e-09,0,2.82164e-09,0
0.005319,0.016324,-48343.7,0.0313138,432.447,0.749574,0.0136946,0,9.95554e-08,0.21769,1.6186e-05,3.63674e-06,1.30722e-06,0.00724291,8.72318e-07,9.53205e-05,0.0116734,0,2.92455e-08,1.29723e-08,3.07548e-08,2.47599e-08,0,4.16561e-06,0,0,3.95675e-08,3.55391e-07,1.95709e-06,7.95173e-08,0,2.94534e-08,1.60067e-07,2.11428e-13,0,1.30669e-09,0,3.65364e-09,0
0.006416,0.019693,-58713.6,0.0389542,453.722,0.748804,0.0136805,0,1.24913e-07,0.215343,2.00334e-05,4.4964e-06,1.6441e-06,0.00843326,1.03177e-06,0.000114859,0.0135876,0,3.7421e-08,1.66787e-08,3.9552e-08,3.15015e-08,0,5.36901e-06,0,0,5.12127e-08,4.13228e-07,2.50618e-06,1.01662e-07,0,3.76948e-08,2.0721e-07,2.75672e-13,0,1.70279e-09,0,4.73862e-09,0
0.007645,0.023462,-70314,0.0483607,477.028,0.747954,0.013665,0,1.56533e-07,0.212753,2.47307e-05,5.54375e-06,2.06705e-06,0.00974687,1.21139e-06,0.00013805,0.0156981,0,4.79311e-08,2.14791e-08,5.0949e-08,4.00921e-08,0,6.93332e-06,0,0,6.6445e-08,4.76032e-07,3.213e-06,1.30094e-07,0,4.82925e-08,2.68891e-07,3.60611e-13,0,2.22605e-09,0,6.16203e-09,0
0.009,0.027622,-83119.4,0.0598871,502.402,0.747019,0.0136479,0,1.95792e-07,0.209911,3.04358e-05,6.81279e-06,2.5966e-06,0.0111884,1.41178e-06,0.00016558,0.0180117,0,6.14095e-08,2.76849e-08,6.56864e-08,5.10053e-08,0,8.96347e-06,0,0,8.63452e-08,5.43394e-07,4.12076e-06,1.66507e-07,0,6.18874e-08,3.49495e-07,4.72851e-13,0,2.9169e-09,0,8.02747e-09,0
0.010479,0.032161,-97088.4,0.0739781,529.949,0.745995,0.0136292,0,2.44434e-07,0.206799,3.73452e-05,8.34561e-06,3.25946e-06,0.012767,1.63386e-06,0.000198364,0.0205421,0,7.86924e-08,3.57112e-08,8.47513e-08,6.48586e-08,0,1.16e-05,0,0,1.12372e-07,6.14961e-07,5.28664e-06,2.13128e-07,0,7.93249e-08,4.54946e-07,6.2143e-13,0,3.83056e-09,0,1.04753e-08,0
0.012075,0.03706,-112168,0.0910819,559.65,0.744879,0.0136088,0,3.04289e-07,0.203413,4.56491e-05,1.01824e-05,4.08507e-06,0.0144846,1.87713e-06,0.000237346,0.0232913,0,1.00744e-07,4.60471e-08,1.09306e-07,8.23457e-08,0,1.50099e-05,0,0,1.46285e-07,6.89915e-07,6.77685e-06,2.72521e-07,0,1.01581e-07,5.92394e-07,8.17514e-13,0,5.03517e-09,0,1.36759e-08,0
0.013783,0.0423,-128297,0.111696,591.464,0.74367,0.0135868,0,3.77434e-07,0.199751,5.55533e-05,1.23659e-05,5.10839e-06,0.0163425,2.14058e-06,0.000283633,0.02626,0,1.28741e-07,5.93001e-08,1.40795e-07,1.04297e-07,0,1.94021e-05,0,0,1.90312e-07,7.6729e-07,8.67261e-06,3.47803e-07,0,1.29846e-07,7.70895e-07,1.07552e-12,0,6.61851e-09,0,1.78461e-08,0
0.015595,0.04786,-145412,0.136294,625.232,0.742371,0.013563,0,4.65946e-07,0.195824,6.72422e-05,1.49337e-05,6.36703e-06,0.0183352,2.4218e-06,0.000338354,0.0294378,0,1.64007e-07,7.61702e-08,1.8088e-07,1.31615e-07,0,2.50197e-05,0,0,2.47089e-07,8.45766e-07,1.10657e-05,4.42462e-07,0,1.6546e-07,1.00117e-06,1.41295e-12,0,8.68701e-09,0,2.32444e-08,0
0.017504,0.053718,-163448,0.165347,660.754,0.740986,0.0135377,0,5.71966e-07,0.191648,8.08891e-05,1.79199e-05,7.90278e-06,0.020455,2.71766e-06,0.000402739,0.0328103,0,2.08061e-07,9.74811e-08,2.31514e-07,1.6531e-07,0,3.21512e-05,0,0,3.19792e-07,9.23925e-07,1.40622e-05,5.60492e-07,0,2.09962e-07,1.29616e-06,1.85141e-12,0,1.13718e-08,0,3.01839e-08,0
0.019504,0.059855,-182340,0.199309,697.801,0.739521,0.013511,0,6.97662e-07,0.187242,9.66504e-05,2.1354e-05,9.76166e-06,0.0226922,3.02443e-06,0.000478123,0.0363599,0,2.62631e-07,1.24193e-07,2.94972e-07,2.06494e-07,0,4.11359e-05,0,0,4.12214e-07,1.00033e-06,1.77835e-05,7.06407e-07,0,2.65103e-07,1.67131e-06,2.41736e-12,0,1.48329e-08,0,3.90414e-08,0
0.021588,0.066248,-202024,0.238573,736.097,0.737984,0.0134829,0,8.45031e-07,0.182632,0.000114643,2.5256e-05,1.19918e-05,0.0250342,3.33773e-06,0.000565855,0.040064,0,3.29594e-07,1.57381e-07,3.73796e-07,2.56328e-07,0,5.23584e-05,0,0,5.28736e-07,1.07355e-06,2.23627e-05,8.85089e-07,0,3.32784e-07,2.14448e-06,3.1422e-12,0,1.92604e-08,0,5.02547e-08,0
0.023749,0.072878,-222439,0.284335,776.821,0.736326,0.0134526,0,1.019e-06,0.177679,0.000135358,2.97278e-05,1.46883e-05,0.0275521,3.66422e-06,0.000669371,0.0440338,0,4.12238e-07,1.98857e-07,4.72267e-07,3.16987e-07,0,6.64559e-05,0,0,6.7646e-07,1.1458e-06,2.80307e-05,1.10517e-06,0,4.16335e-07,2.74463e-06,4.07557e-12,0,2.49543e-08,0,6.45284e-08,0
0.025981,0.079724,-243524,0.334967,816.436,0.734679,0.0134225,0,1.21444e-06,0.172781,0.000157936,3.45732e-05,1.78072e-05,0.0300446,3.97436e-06,0.000785647,0.0479448,0,5.10063e-07,2.48668e-07,5.90466e-07,3.87636e-07,0,8.34863e-05,0,0,8.5679e-07,1.20809e-06,3.47629e-05,1.36504e-06,0,5.15255e-07,3.4776e-06,5.23507e-12,0,3.20179e-08,0,8.2032e-08,0
0.028278,0.086768,-265223,0.391654,856.54,0.732979,0.0133915,0,1.43621e-06,0.167753,0.000182857,3.98911e-05,2.1453e-05,0.0326055,4.27811e-06,0.000918509,0.051944,0,6.26758e-07,3.0894e-07,7.33397e-07,4.70602e-07,0,0.00010421,0,0,1.07845e-06,1.26411e-06,4.28218e-05,1.67432e-06,0,6.33278e-07,4.37901e-06,6.68471e-12,0,4.08368e-08,0,1.03641e-07,0
0.030634,0.09399,-287479,0.454464,896.888,0.731235,0.0133596,0,1.68518e-06,0.162621,0.000210066,4.56618e-05,2.56782e-05,0.0352222,4.57164e-06,0.00106933,0.0560088,0,7.64665e-07,3.81234e-07,9.04696e-07,5.67071e-07,0,0.000129209,0,0,1.34862e-06,1.31321e-06,5.23813e-05,2.03894e-06,0,7.72774e-07,5.47821e-06,8.48234e-12,0,5.17574e-08,0,1.30095e-07,0
0.033043,0.101373,-310238,0.523343,937.254,0.729454,0.013327,0,1.96174e-06,0.157411,0.000239453,5.18542e-05,3.05337e-05,0.037883,4.8516e-06,0.00123938,0.0601174,0,9.26124e-07,4.67189e-07,1.10816e-06,6.78141e-07,0,0.000159105,0,0,1.67511e-06,1.35499e-06,6.36183e-05,2.46475e-06,0,9.3611e-07,6.80725e-06,1.06932e-11,0,6.51687e-08,0,1.62204e-07,0
0.035501,0.108897,-333449,0.598178,977.461,0.727639,0.0132939,0,2.26601e-06,0.152142,0.000270881,5.84312e-05,3.60717e-05,0.0405784,5.11545e-06,0.00142996,0.0642523,0,1.11357e-06,5.68583e-07,1.3479e-06,8.04886e-07,0,0.000194576,0,0,2.06664e-06,1.38924e-06,7.67195e-05,2.9578e-06,0,1.12574e-06,8.40187e-06,1.33919e-11,0,8.15159e-08,0,2.00881e-07,0
0.038,0.116544,-357059,0.678604,1017.28,0.725799,0.0132602,0,2.59701e-06,0.146842,0.00030411,6.53342e-05,4.23305e-05,0.0432954,5.36083e-06,0.00164187,0.0683899,0,1.329e-06,6.87053e-07,1.62763e-06,9.47999e-07,0,0.000236263,0,0,2.53178e-06,1.41591e-06,9.18447e-05,3.52294e-06,0,1.34368e-06,1.02973e-05,1.66562e-11,0,1.01259e-07,0,2.47034e-07,0
0.040537,0.124297,-381021,0.764283,1056.58,0.723938,0.0132262,0,2.95383e-06,0.141526,0.000338916,7.25088e-05,4.9354e-05,0.0460264,5.5865e-06,0.00187612,0.0725156,0,1.57461e-06,8.24441e-07,1.95153e-06,1.10823e-06,0,0.000284892,0,0,3.08031e-06,1.43512e-06,0.000109172,4.16548e-06,0,1.59214e-06,1.25337e-05,2.0576e-11,0,1.24931e-07,0,3.01703e-07,0
0.043106,0.132137,-405291,0.854658,1095.19,0.722061,0.0131919,0,3.33455e-06,0.136217,0.000374991,7.98839e-05,5.71714e-05,0.0487609,5.79156e-06,0.00213319,0.0766106,0,1.85209e-06,9.82398e-07,2.32326e-06,1.28592e-06,0,0.000341129,0,0,3.72168e-06,1.44711e-06,0.000128846,4.8893e-06,0,1.87279e-06,1.51501e-05,2.52435e-11,0,1.53075e-07,0,3.65907e-07,0
0.045703,0.140047,-429825,0.949126,1132.98,0.720174,0.0131575,0,3.73696e-06,0.130932,0.00041202,8.73876e-05,6.58087e-05,0.0514906,5.97582e-06,0.00241346,0.08066,0,2.16297e-06,1.1626e-06,2.7465e-06,1.48125e-06,0,0.000405661,0,0,4.46584e-06,1.45221e-06,0.000151007,5.69788e-06,0,2.18716e-06,1.81875e-05,3.07591e-11,0,1.8628e-07,0,4.40726e-07,0
0.048324,0.148008,-454582,1.04699,1169.84,0.718281,0.0131229,0,4.15834e-06,0.125689,0.00044966,9.49437e-05,7.52833e-05,0.0542076,6.13961e-06,0.00271705,0.0846497,0,2.50845e-06,1.36659e-06,3.22458e-06,1.69413e-06,0,0.000479141,0,0,5.32267e-06,1.45084e-06,0.000175773,6.59371e-06,0,2.5364e-06,2.16866e-05,3.72275e-11,0,2.25161e-07,0,5.27249e-07,0
0.050964,0.156001,-479522,1.14741,1205.64,0.716388,0.0130883,0,4.59535e-06,0.120506,0.000487533,0.00010247,8.55985e-05,0.0569031,6.28364e-06,0.00304362,0.0885646,0,2.88914e-06,1.59569e-06,3.7602e-06,1.92409e-06,0,0.000562142,0,0,6.30138e-06,1.44348e-06,0.000203224,7.57774e-06,0,2.92109e-06,2.56856e-05,4.47534e-11,0,2.70326e-07,0,6.26508e-07,0
0.05362,0.164006,-504609,1.2496,1240.3,0.714497,0.0130537,0,5.04457e-06,0.115396,0.000525282,0.000109891,9.67545e-05,0.0595707,6.40911e-06,0.00339278,0.0923939,0,3.30544e-06,1.85115e-06,4.35587e-06,2.17051e-06,0,0.000655229,0,0,7.41139e-06,1.43062e-06,0.000233429,8.65039e-06,0,3.34156e-06,3.02235e-05,5.34475e-11,0,3.22418e-07,0,7.39562e-07,0
0.056287,0.172003,-529808,1.35261,1273.73,0.712614,0.0130193,0,5.50194e-06,0.110377,0.000562519,0.000117126,0.000108733,0.0622021,6.51743e-06,0.00376354,0.0961246,0,3.75698e-06,2.13382e-06,5.01307e-06,2.43231e-06,0,0.000758817,0,0,8.66054e-06,1.41281e-06,0.000266404,9.80996e-06,0,3.79735e-06,3.5333e-05,6.34133e-11,0,3.82033e-07,0,8.67324e-07,0
0.058963,0.17997,-555085,1.45562,1305.88,0.710742,0.0129851,0,5.96374e-06,0.105459,0.000598909,0.000124107,0.000121516,0.0647926,6.61035e-06,0.00415505,0.099749,0,4.24334e-06,2.44457e-06,5.73331e-06,2.70839e-06,0,0.000873339,0,0,1.00571e-05,1.39061e-06,0.000302164,1.10547e-05,0,4.28796e-06,4.10486e-05,7.47621e-11,0,4.49811e-07,0,1.01076e-06,0
0.061644,0.187885,-580410,1.55769,1336.68,0.708885,0.0129512,0,6.42577e-06,0.100655,0.000634106,0.000130765,0.000135071,0.0673355,6.68968e-06,0.00456587,0.103258,0,4.76329e-06,2.7838e-06,6.51689e-06,2.99724e-06,0,0.000999052,0,0,1.16074e-05,1.36455e-06,0.000340665,1.23808e-05,0,4.81202e-06,4.73966e-05,8.75934e-11,0,5.26317e-07,0,1.17064e-06,0
0.064327,0.195721,-605751,1.65798,1366.1,0.707048,0.0129176,0,6.884e-06,0.0959752,0.000667801,0.00013704,0.000149356,0.0698258,6.75731e-06,0.00499449,0.106644,0,5.31529e-06,3.15169e-06,7.36361e-06,3.29721e-06,0,0.00113614,0,0,1.3317e-05,1.33519e-06,0.000381842,1.37835e-05,0,5.36787e-06,5.44004e-05,1.02004e-10,0,6.12101e-07,0,1.34766e-06,0
0.067008,0.203454,-631081,1.75563,1394.09,0.705233,0.0128845,0,7.33436e-06,0.0914304,0.000699705,0.00014288,0.000164316,0.0722577,6.81515e-06,0.005439,0.109901,0,5.89711e-06,3.548e-06,8.27217e-06,3.60636e-06,0,0.00128461,0,0,1.51894e-05,1.30306e-06,0.000425579,1.52565e-05,0,5.95313e-06,6.20749e-05,1.18077e-10,0,7.0762e-07,0,1.54231e-06,0
0.069686,0.211055,-656374,1.84994,1420.66,0.703443,0.0128518,0,7.77342e-06,0.0870253,0.0007296,0.000148244,0.000179906,0.074629,6.8651e-06,0.00589781,0.113025,0,6.50678e-06,3.9726e-06,9.24157e-06,3.92296e-06,0,0.00144453,0,0,1.72286e-05,1.26864e-06,0.000471778,1.6794e-05,0,6.56566e-06,7.04375e-05,1.35903e-10,0,8.13379e-07,0,1.75513e-06,0
0.072357,0.218493,-681605,1.94019,1445.79,0.701682,0.0128196,0,8.19751e-06,0.0827687,0.00075727,0.000153098,0.000196058,0.0769348,6.90888e-06,0.00636867,0.116014,0,7.1413e-06,4.42461e-06,1.0269e-05,4.24483e-06,0,0.00161567,0,0,1.94352e-05,1.23242e-06,0.000520261,1.83879e-05,0,7.20229e-06,7.94907e-05,1.55541e-10,0,9.29705e-07,0,1.98629e-06,0
0.075019,0.225737,-706751,2.02579,1469.49,0.699952,0.012788,0,8.60361e-06,0.0786645,0.000782563,0.000157418,0.000212707,0.0791727,6.94815e-06,0.00684959,0.118864,0,7.79781e-06,4.9032e-06,1.13519e-05,4.56998e-06,0,0.00179781,0,0,2.18095e-05,1.19484e-06,0.000570859,2.00304e-05,0,7.86e-06,8.92364e-05,1.77055e-10,0,1.05692e-06,0,2.23597e-06,0
0.077669,0.232754,-731790,2.10621,1491.76,0.698255,0.012757,0,8.98891e-06,0.0747174,0.000805357,0.000161189,0.000229781,0.0813397,6.98437e-06,0.00733833,0.121575,0,8.47297e-06,5.40707e-06,1.24863e-05,4.89629e-06,0,0.00199053,0,0,2.43494e-05,1.1563e-06,0.000623362,2.17124e-05,0,8.53528e-06,9.96669e-05,2.00482e-10,0,1.19523e-06,0,2.50405e-06,0
0.080306,0.239508,-756701,2.18108,1512.64,0.696594,0.0127266,0,9.35127e-06,0.070928,0.000825587,0.000164404,0.000247218,0.0834351,7.01885e-06,0.00783299,0.124148,0,9.16378e-06,5.93508e-06,1.36689e-05,5.22193e-06,0,0.00219348,0,0,2.70534e-05,1.11716e-06,0.000677584,2.34259e-05,0,9.22495e-06,0.000110776,2.25866e-10,0,1.34484e-06,0,2.79048e-06,0
0.082928,0.245963,-781466,2.25006,1532.15,0.69497,0.0126969,0,9.68879e-06,0.0672974,0.000843217,0.000167068,0.000264945,0.0854577,7.05271e-06,0.00833149,0.126585,0,9.8669e-06,6.4857e-06,1.48955e-05,5.545e-06,0,0.00240615,0,0,2.99174e-05,1.07773e-06,0.000733303,2.51621e-05,0,9.92547e-06,0.000122548,2.53228e-10,0,1.50584e-06,0,3.09495e-06,0
0.085532,0.252084,-806066,2.31291,1550.34,0.693384,0.012668,0,9.99988e-06,0.0638273,0.00085824,0.000169186,0.000282884,0.0874058,7.08687e-06,0.00883162,0.128886,0,1.05786e-05,7.05699e-06,1.6161e-05,5.86358e-06,0,0.00262784,0,0,3.29352e-05,1.03832e-06,0.000790268,2.69114e-05,0,1.0633e-05,0.000134956,2.82562e-10,0,1.67816e-06,0,3.41686e-06,0
0.088117,0.257833,-830486,2.36949,1567.24,0.691839,0.0126397,0,1.02836e-05,0.0605156,0.000870692,0.000170775,0.000300973,0.0892798,7.12208e-06,0.0093316,0.131055,0,1.12958e-05,7.64728e-06,1.74608e-05,6.17611e-06,0,0.00285796,0,0,3.61011e-05,9.99179e-07,0.000848262,2.86657e-05,0,1.13443e-05,0.000147978,3.1387e-10,0,1.86177e-06,0,3.75573e-06,0
0.090682,0.263174,-854708,2.41978,1582.91,0.690334,0.0126122,0,1.05394e-05,0.0573597,0.000880637,0.000171856,0.000319147,0.0910804,7.15895e-06,0.00982973,0.133095,0,1.20154e-05,8.25482e-06,1.87903e-05,6.48119e-06,0,0.00309587,0,0,3.94087e-05,9.60504e-07,0.00090707,3.04171e-05,0,1.20561e-05,0.000161589,3.47141e-10,0,2.05658e-06,0,4.11093e-06,0
0.093224,0.268074,-878721,2.46375,1597.38,0.688871,0.0125855,0,1.07669e-05,0.0543589,0.000888155,0.000172453,0.000337334,0.0928069,7.19786e-06,0.010324,0.135011,0,1.27339e-05,8.87729e-06,2.01436e-05,6.7773e-06,0,0.0033407,0,0,4.2848e-05,9.22503e-07,0.000966431,3.21568e-05,0,1.27647e-05,0.000175747,3.82324e-10,0,2.26224e-06,0,4.48148e-06,0
0.095742,0.2725,-902510,2.50151,1610.72,0.68745,0.0125595,0,1.09661e-05,0.0515092,0.000893355,0.000172595,0.000355475,0.0944606,7.23913e-06,0.0108131,0.136806,0,1.34484e-05,9.51275e-06,2.15161e-05,7.06337e-06,0,0.0035917,0,0,4.64106e-05,8.85321e-07,0.00102613,3.38776e-05,0,1.34672e-05,0.000190417,4.1938e-10,0,2.4785e-06,0,4.86653e-06,0
0.098236,0.27642,-926066,2.53323,1622.99,0.686071,0.0125344,0,1.11377e-05,0.0488053,0.000896361,0.000172314,0.000373523,0.0960436,7.28291e-06,0.0112956,0.138486,0,1.41566e-05,1.01595e-05,2.29033e-05,7.33856e-06,0,0.00384824,0,0,5.00891e-05,8.49063e-07,0.00108599,3.55737e-05,0,1.41612e-05,0.000205569,4.58276e-10,0,2.70514e-06,0,5.26532e-06,0
0.100704,0.279809,-949380,2.55907,1634.24,0.684735,0.0125099,0,1.12821e-05,0.0462439,0.000897307,0.000171641,0.000391422,0.0975568,7.32926e-06,0.0117704,0.140056,0,1.48556e-05,1.08154e-05,2.43001e-05,7.602e-06,0,0.00410945,0,0,5.38724e-05,8.1384e-07,0.0011458,3.72385e-05,0,1.48438e-05,0.000221158,4.98938e-10,0,2.94167e-06,0,5.67672e-06,0
0.103146,0.282644,-972450,2.57931,1644.52,0.68344,0.0124863,0,1.14003e-05,0.043819,0.000896335,0.00017061,0.000409131,0.0990024,7.37816e-06,0.0122364,0.141521,0,1.55436e-05,1.14789e-05,2.57024e-05,7.85317e-06,0,0.00437468,0,0,5.77524e-05,7.79713e-07,0.00120539,3.88671e-05,0,1.55131e-05,0.00023715,5.41314e-10,0,3.18779e-06,0,6.09986e-06,0
0.105563,0.284917,-995277,2.5942,1653.91,0.682186,0.0124634,0,1.14934e-05,0.041524,0.00089359,0.000169253,0.000426624,0.100383,7.42954e-06,0.0126931,0.142887,0,1.62191e-05,1.21484e-05,2.71069e-05,8.09181e-06,0,0.0046434,0,0,6.17223e-05,7.46711e-07,0.00126463,4.0456e-05,0,1.61673e-05,0.000253516,5.85367e-10,0,3.44323e-06,0,6.53404e-06,0
0.107954,0.286651,-1.01787e+06,2.60403,1662.46,0.680972,0.0124412,0,1.15626e-05,0.039354,0.000889217,0.000167604,0.000443862,0.101702,7.48324e-06,0.0131396,0.14416,0,1.68802e-05,1.28224e-05,2.85095e-05,8.31755e-06,0,0.00491487,0,0,6.5772e-05,7.14876e-07,0.00132337,4.20009e-05,0,1.68048e-05,0.000270217,6.31016e-10,0,3.70751e-06,0,6.9782e-06,0
0.110321,0.287897,-1.04023e+06,2.60911,1670.22,0.679796,0.0124197,0,1.16091e-05,0.0373016,0.000883354,0.000165692,0.000460831,0.10296,7.53912e-06,0.0135759,0.145347,0,1.7526e-05,1.34998e-05,2.9908e-05,8.53044e-06,0,0.00518873,0,0,6.98968e-05,6.84199e-07,0.00138153,4.35001e-05,0,1.74246e-05,0.00028723,6.78239e-10,0,3.98048e-06,0,7.43182e-06,0
0.112663,0.288742,-1.06235e+06,2.60974,1677.25,0.678659,0.0123989,0,1.16343e-05,0.0353622,0.000876145,0.000163548,0.0004775,0.104162,7.59694e-06,0.0140011,0.14645,0,1.81552e-05,1.41791e-05,3.12986e-05,8.73034e-06,0,0.00546429,0,0,7.40869e-05,6.54697e-07,0.00143898,4.49503e-05,0,1.80252e-05,0.000304517,7.2695e-10,0,4.2616e-06,0,7.89384e-06,0
0.114981,0.289294,-1.08424e+06,2.60622,1683.59,0.677558,0.0123788,0,1.16394e-05,0.0335296,0.00086772,0.0001612,0.000493856,0.105308,7.65648e-06,0.0144153,0.147477,0,1.87669e-05,1.48592e-05,3.26789e-05,8.9174e-06,0,0.00574112,0,0,7.8336e-05,6.26356e-07,0.00149564,4.635e-05,0,1.8606e-05,0.000322051,7.77101e-10,0,4.55059e-06,0,8.36359e-06,0
0.117271,0.28966,-1.10588e+06,2.59887,1689.29,0.676496,0.0123594,0,1.16259e-05,0.0318014,0.000858227,0.000158679,0.000509854,0.1064,7.7174e-06,0.0148173,0.148429,0,1.93595e-05,1.55378e-05,3.4044e-05,9.09142e-06,0,0.00601821,0,0,8.26289e-05,5.99212e-07,0.00155132,4.76951e-05,0,1.91652e-05,0.000339769,8.28534e-10,0,4.8465e-06,0,8.83937e-06,0
0.119533,0.28992,-1.12725e+06,2.58801,1694.4,0.675469,0.0123407,0,1.15951e-05,0.0301721,0.000847796,0.000156011,0.000525479,0.10744,7.77941e-06,0.0152071,0.149312,0,1.99321e-05,1.62136e-05,3.53914e-05,9.25267e-06,0,0.00629507,0,0,8.69577e-05,5.73244e-07,0.00160594,4.89847e-05,0,1.97022e-05,0.000357637,8.81167e-10,0,5.14885e-06,0,9.32031e-06,0
0.121764,0.29012,-1.14832e+06,2.57397,1698.95,0.67448,0.0123226,0,1.15486e-05,0.0286386,0.000836565,0.000153226,0.0005407,0.108428,7.84215e-06,0.0155841,0.150129,0,2.04838e-05,1.68847e-05,3.67171e-05,9.40127e-06,0,0.00657086,0,0,9.13086e-05,5.4846e-07,0.00165938,5.02163e-05,0,2.0216e-05,0.0003756,9.34846e-10,0,5.45674e-06,0,9.80487e-06,0
0.123961,0.290285,-1.16907e+06,2.5571,1702.97,0.673528,0.0123052,0,1.1488e-05,0.0271972,0.000824669,0.00015035,0.000555491,0.109367,7.90528e-06,0.0159477,0.150884,0,2.10135e-05,1.75493e-05,3.80175e-05,9.53744e-06,0,0.00684473,0,0,9.56682e-05,5.24857e-07,0.00171151,5.13884e-05,0,2.07057e-05,0.000393601,9.89408e-10,0,5.76923e-06,0,1.02915e-05,0
0.126121,0.290427,-1.18947e+06,2.53774,1706.52,0.672612,0.0122885,0,1.14148e-05,0.0258445,0.000812238,0.000147409,0.000569826,0.110258,7.96843e-06,0.0162977,0.151581,0,2.15205e-05,1.82054e-05,3.92891e-05,9.6615e-06,0,0.00711591,0,0,0.000100023,5.02427e-07,0.00176221,5.24998e-05,0,2.11708e-05,0.000411584,1.04468e-09,0,6.08531e-06,0,1.07787e-05,0
0.128242,0.290552,-1.2095e+06,2.51621,1709.62,0.671734,0.0122724,0,1.13304e-05,0.0245761,0.000799393,0.000144427,0.000583694,0.111101,8.03129e-06,0.0166339,0.152222,0,2.20045e-05,1.88517e-05,4.05295e-05,9.77391e-06,0,0.00738375,0,0,0.00010436,4.81146e-07,0.00181142,5.35505e-05,0,2.1611e-05,0.000429499,1.10051e-09,0,6.40409e-06,0,1.12651e-05,0
0.13032,0.290665,-1.22914e+06,2.49285,1712.32,0.670892,0.012257,0,1.12366e-05,0.0233891,0.000786257,0.000141426,0.000597069,0.111899,8.09352e-06,0.0169559,0.152811,0,2.24649e-05,1.94862e-05,4.17352e-05,9.87509e-06,0,0.00764738,0,0,0.000108666,4.61004e-07,0.00185902,5.45398e-05,0,2.20262e-05,0.000447284,1.15668e-09,0,6.72438e-06,0,1.17489e-05,0
0.132354,0.290768,-1.24835e+06,2.46797,1714.64,0.670086,0.0122423,0,1.11347e-05,0.0222787,0.000772928,0.000138426,0.000609951,0.112652,8.15485e-06,0.017264,0.153353,0,2.29021e-05,2.0108e-05,4.2905e-05,9.96564e-06,0,0.00790637,0,0,0.000112931,4.41959e-07,0.00190499,5.5469e-05,0,2.24166e-05,0.000464901,1.21305e-09,0,7.04539e-06,0,1.22291e-05,0
0.134341,0.290861,-1.26712e+06,2.44186,1716.63,0.669316,0.0122282,0,1.10261e-05,0.0212413,0.000759511,0.000135445,0.000622329,0.113364,8.21502e-06,0.0175581,0.153849,0,2.33158e-05,2.07155e-05,4.40365e-05,1.00461e-05,0,0.00816003,0,0,0.000117142,4.23986e-07,0.00194928,5.63387e-05,0,2.27826e-05,0.000482297,1.26944e-09,0,7.36603e-06,0,1.27041e-05,0
0.136279,0.290945,-1.28542e+06,2.41482,1718.31,0.668581,0.0122148,0,1.09122e-05,0.020273,0.000746093,0.000132499,0.000634198,0.114035,8.27378e-06,0.0178383,0.154304,0,2.37066e-05,2.13077e-05,4.51284e-05,1.01172e-05,0,0.00840788,0,0,0.000121289,4.07048e-07,0.00199183,5.71506e-05,0,2.31245e-05,0.000499428,1.32568e-09,0,7.68535e-06,0,1.31728e-05,0
0.138165,0.291021,-1.30324e+06,2.38711,1719.72,0.66788,0.012202,0,1.07944e-05,0.0193706,0.000732764,0.000129603,0.000645553,0.114666,8.3309e-06,0.0181047,0.154719,0,2.40746e-05,2.18834e-05,4.6179e-05,1.01794e-05,0,0.00864932,0,0,0.000125359,3.91115e-07,0.00203263,5.79057e-05,0,2.34429e-05,0.000516244,1.38156e-09,0,8.00224e-06,0,1.36337e-05,0
0.139998,0.29109,-1.32055e+06,2.35897,1720.88,0.667213,0.0121898,0,1.06737e-05,0.0185299,0.000719589,0.000126769,0.0006564,0.11526,8.38624e-06,0.0183576,0.155099,0,2.44204e-05,2.24419e-05,4.7188e-05,1.02335e-05,0,0.00888404,0,0,0.000129346,3.76142e-07,0.00207167,5.86065e-05,0,2.37387e-05,0.000532714,1.43695e-09,0,8.31592e-06,0,1.40859e-05,0
0.141776,0.291152,-1.33734e+06,2.33062,1721.82,0.666579,0.0121782,0,1.05512e-05,0.0177474,0.000706635,0.000124007,0.000666741,0.115819,8.43964e-06,0.0185973,0.155446,0,2.47447e-05,2.29824e-05,4.81546e-05,1.028e-05,0,0.00911163,0,0,0.000133239,3.62092e-07,0.00210895,5.92551e-05,0,2.40127e-05,0.0005488,1.49167e-09,0,8.62545e-06,0,1.45282e-05,0
0.143497,0.291208,-1.3536e+06,2.30228,1722.57,0.665978,0.0121673,0,1.04281e-05,0.01702,0.00069396,0.000121327,0.000676579,0.116343,8.49097e-06,0.018824,0.155762,0,2.50481e-05,2.35042e-05,4.90782e-05,1.03197e-05,0,0.00933174,0,0,0.000137031,3.48926e-07,0.00214446,5.98535e-05,0,2.42657e-05,0.000564465,1.54557e-09,0,8.9299e-06,0,1.49597e-05,0
0.14516,0.291259,-1.36931e+06,2.27413,1723.14,0.665407,0.0121568,0,1.03051e-05,0.0163441,0.00068161,0.000118736,0.000685924,0.116835,8.54015e-06,0.0190382,0.156051,0,2.53314e-05,2.40068e-05,4.99591e-05,1.03532e-05,0,0.00954413,0,0,0.000140714,3.36602e-07,0.00217824,6.04044e-05,0,2.44988e-05,0.000579683,1.59849e-09,0,9.22853e-06,0,1.53796e-05,0
0.146765,0.291306,-1.38447e+06,2.24631,1723.57,0.664867,0.012147,0,1.01829e-05,0.0157162,0.000669616,0.000116238,0.000694792,0.117296,8.58715e-06,0.0192403,0.156313,0,2.55956e-05,2.44902e-05,5.0798e-05,1.0381e-05,0,0.00974876,0,0,0.000144286,3.25071e-07,0.00221032,6.09108e-05,0,2.47131e-05,0.00059444,1.65035e-09,0,9.5208e-06,0,1.57873e-05,0
0.148309,0.291348,-1.39906e+06,2.21899,1723.87,0.664356,0.0121376,0,1.00625e-05,0.015134,0.000658026,0.00011384,0.000703182,0.117727,8.63187e-06,0.0194306,0.156552,0,2.58414e-05,2.49535e-05,5.15942e-05,1.04037e-05,0,0.0099452,0,0,0.000147736,3.14308e-07,0.0022407,6.13745e-05,0,2.49095e-05,0.000608694,1.70095e-09,0,9.80567e-06,0,1.61816e-05,0
0.149793,0.291388,-1.41307e+06,2.19227,1724.05,0.663874,0.0121288,0,9.94433e-06,0.0145941,0.000646854,0.000111542,0.000711116,0.118131,8.67433e-06,0.0196096,0.15677,0,2.60697e-05,2.53972e-05,5.23492e-05,1.0422e-05,0,0.0101336,0,0,0.000151064,3.04262e-07,0.00226945,6.17987e-05,0,2.50893e-05,0.000622443,1.75024e-09,0,1.00828e-05,0,1.65625e-05,0
0.151217,0.291424,-1.42652e+06,2.16625,1724.14,0.663418,0.0121205,0,9.82885e-06,0.0140935,0.000636117,0.000109347,0.000718607,0.118508,8.71457e-06,0.0197778,0.156967,0,2.62816e-05,2.58212e-05,5.30641e-05,1.04363e-05,0,0.0103138,0,0,0.000154268,2.94892e-07,0.00229662,6.21861e-05,0,2.52535e-05,0.000635677,1.79812e-09,0,1.03518e-05,0,1.69297e-05,0
0.152579,0.291458,-1.43939e+06,2.14104,1724.15,0.66299,0.0121127,0,9.71668e-06,0.0136302,0.000625843,0.000107257,0.000725662,0.11886,8.75253e-06,0.0199355,0.157147,0,2.64777e-05,2.62251e-05,5.37387e-05,1.04471e-05,0,0.0104857,0,0,0.00015734,2.86172e-07,0.00232221,6.25388e-05,0,2.5403e-05,0.000648369,1.84445e-09,0,1.06118e-05,0,1.72822e-05,0
0.15388,0.291489,-1.45168e+06,2.1167,1724.09,0.662587,0.0121053,0,9.6081e-06,0.0132015,0.000616033,0.000105272,0.0007323,0.119189,8.7883e-06,0.0200832,0.15731,0,2.66591e-05,2.66093e-05,5.43747e-05,1.04548e-05,0,0.0106495,0,0,0.000160282,2.78059e-07,0.0023463,6.28595e-05,0,2.5539e-05,0.00066052,1.88918e-09,0,1.08626e-05,0,1.762e-05,0
0.155121,0.291518,-1.4634e+06,2.09327,1723.97,0.662208,0.0120984,0,9.50335e-06,0.0128048,0.000606687,0.00010339,0.000738541,0.119495,8.82193e-06,0.0202214,0.157458,0,2.68268e-05,2.69742e-05,5.49736e-05,1.046e-05,0,0.0108052,0,0,0.000163093,2.70513e-07,0.00236895,6.31508e-05,0,2.56625e-05,0.000672133,1.93228e-09,0,1.11041e-05,0,1.79433e-05,0
0.156302,0.291546,-1.47455e+06,2.0708,1723.81,0.661852,0.0120919,0,9.40269e-06,0.012438,0.00059781,0.00010161,0.000744396,0.11978,8.85347e-06,0.0203506,0.157593,0,2.69815e-05,2.73201e-05,5.55364e-05,1.04629e-05,0,0.010953,0,0,0.000165773,2.63505e-07,0.00239021,6.34149e-05,0,2.57745e-05,0.000683202,1.97369e-09,0,1.13358e-05,0,1.82518e-05,0
0.157423,0.291571,-1.48514e+06,2.04933,1723.62,0.661519,0.0120858,0,9.30636e-06,0.0120994,0.000589403,9.99312e-05,0.000749879,0.120046,8.88298e-06,0.0204712,0.157715,0,2.7124e-05,2.76471e-05,5.6064e-05,1.04639e-05,0,0.0110928,0,0,0.00016832,2.57005e-07,0.00241013,6.36539e-05,0,2.58758e-05,0.000693723,2.01333e-09,0,1.15575e-05,0,1.85453e-05,0
0.158486,0.291595,-1.49517e+06,2.02887,1723.39,0.661207,0.0120801,0,9.21437e-06,0.0117866,0.000581453,9.83497e-05,0.000755011,0.120292,8.91056e-06,0.0205836,0.157826,0,2.72552e-05,2.79559e-05,5.65584e-05,1.04633e-05,0,0.0112249,0,0,0.000170739,2.50977e-07,0.00242877,6.38701e-05,0,2.59675e-05,0.000703711,2.05123e-09,0,1.17693e-05,0,1.88242e-05,0
0.159491,0.291617,-1.50467e+06,2.00944,1723.15,0.660916,0.0120748,0,9.12689e-06,0.0114982,0.00057396,9.68644e-05,0.000759804,0.120521,8.93625e-06,0.0206882,0.157926,0,2.73759e-05,2.82468e-05,5.70205e-05,1.04614e-05,0,0.0113495,0,0,0.000173027,2.45396e-07,0.00244617,6.40653e-05,0,2.60501e-05,0.000713163,2.08733e-09,0,1.19708e-05,0,1.90883e-05,0
0.16044,0.291637,-1.51363e+06,1.99102,1722.89,0.660644,0.0120698,0,9.04388e-06,0.0112322,0.000566908,9.54712e-05,0.000764276,0.120734,8.96017e-06,0.0207855,0.158018,0,2.74868e-05,2.85203e-05,5.7452e-05,1.04584e-05,0,0.0114667,0,0,0.00017519,2.4023e-07,0.00246241,6.42414e-05,0,2.61247e-05,0.000722095,2.12166e-09,0,1.21624e-05,0,1.93381e-05,0
0.161334,0.291656,-1.52208e+06,1.97362,1722.62,0.66039,0.0120652,0,8.96535e-06,0.0109872,0.000560287,9.41673e-05,0.000768442,0.120931,8.98239e-06,0.0208759,0.1581,0,2.75886e-05,2.87771e-05,5.78541e-05,1.04546e-05,0,0.0115769,0,0,0.000177229,2.35454e-07,0.00247754,6.44001e-05,0,2.61919e-05,0.000730514,2.15421e-09,0,1.23439e-05,0,1.95738e-05,0
0.162175,0.291673,-1.53002e+06,1.95722,1722.34,0.660154,0.0120609,0,8.89122e-06,0.0107615,0.000554081,9.29485e-05,0.000772319,0.121113,9.003e-06,0.0209597,0.158175,0,2.76819e-05,2.90178e-05,5.82286e-05,1.04501e-05,0,0.0116802,0,0,0.000179148,2.31041e-07,0.00249162,6.4543e-05,0,2.62524e-05,0.000738438,2.18502e-09,0,1.25155e-05,0,1.97958e-05,0
0.162965,0.291688,-1.53747e+06,1.94177,1722.07,0.659934,0.0120568,0,8.82139e-06,0.0105536,0.000548272,9.18107e-05,0.000775925,0.121282,9.02211e-06,0.0210375,0.158244,0,2.77676e-05,2.92431e-05,5.85769e-05,1.04452e-05,0,0.0117769,0,0,0.000180951,2.26965e-07,0.00250472,6.46718e-05,0,2.63069e-05,0.000745883,2.21411e-09,0,1.26776e-05,0,2.00045e-05,0
0.163704,0.291702,-1.54446e+06,1.92731,1721.79,0.65973,0.0120531,0,8.75592e-06,0.0103627,0.000542857,9.07529e-05,0.000779266,0.121437,9.03975e-06,0.0211094,0.158305,0,2.78459e-05,2.94532e-05,5.88997e-05,1.04399e-05,0,0.0118672,0,0,0.000182639,2.23212e-07,0.00251684,6.47875e-05,0,2.63558e-05,0.00075285,2.24147e-09,0,1.28298e-05,0,2.01999e-05,0
0.164396,0.291713,-1.55099e+06,1.91375,1721.52,0.659541,0.0120497,0,8.69449e-06,0.0101871,0.000537805,8.97681e-05,0.000782366,0.121581,9.05607e-06,0.0211759,0.158361,0,2.79176e-05,2.96493e-05,5.91994e-05,1.04344e-05,0,0.0119516,0,0,0.000184219,2.19749e-07,0.0025281,6.48916e-05,0,2.63998e-05,0.000759375,2.26721e-09,0,1.2973e-05,0,2.0383e-05,0
0.165041,0.291721,-1.55708e+06,1.9011,1721.26,0.659366,0.0120465,0,8.63714e-06,0.010026,0.000533111,8.88553e-05,0.000785232,0.121714,9.0711e-06,0.0212373,0.158412,0,2.79832e-05,2.98316e-05,5.94763e-05,1.04288e-05,0,0.01203,0,0,0.000185693,2.16567e-07,0.0025385,6.49851e-05,0,2.64392e-05,0.000765457,2.29131e-09,0,1.3107e-05,0,2.05538e-05,0
0.165642,0.291726,-1.56276e+06,1.8893,1721.01,0.659204,0.0120435,0,8.58364e-06,0.00987823,0.000528753,8.80093e-05,0.000787882,0.121836,9.08495e-06,0.0212939,0.158458,0,2.80431e-05,3.0001e-05,5.97324e-05,1.04232e-05,0,0.0121028,0,0,0.000187066,2.13639e-07,0.00254811,6.50691e-05,0,2.64747e-05,0.000771125,2.31386e-09,0,1.32323e-05,0,2.07131e-05,0
0.166201,0.291728,-1.56804e+06,1.87833,1720.77,0.659055,0.0120408,0,8.53383e-06,0.00974269,0.000524712,8.72263e-05,0.000790328,0.121949,9.09769e-06,0.0213461,0.1585,0,2.80978e-05,3.01581e-05,5.99688e-05,1.04176e-05,0,0.0121705,0,0,0.000188343,2.10949e-07,0.00255699,6.51445e-05,0,2.65065e-05,0.000776397,2.3349e-09,0,1.33492e-05,0,2.08613e-05,0
0.16672,0.291725,-1.57293e+06,1.86814,1720.53,0.658917,0.0120383,0,8.48755e-06,0.0096185,0.000520972,8.65029e-05,0.000792583,0.122052,9.10939e-06,0.0213941,0.158538,0,2.81477e-05,3.03036e-05,6.01868e-05,1.04121e-05,0,0.0122332,0,0,0.000189528,2.0848e-07,0.00256517,6.52123e-05,0,2.6535e-05,0.000781291,2.35451e-09,0,1.34581e-05,0,2.09989e-05,0
0.1672,0.291716,-1.57747e+06,1.85871,1720.31,0.65879,0.0120359,0,8.44471e-06,0.00950504,0.000517523,8.58369e-05,0.000794656,0.122147,9.12012e-06,0.0214382,0.158572,0,2.81931e-05,3.04379e-05,6.03872e-05,1.04068e-05,0,0.012291,0,0,0.000190625,2.0622e-07,0.00257268,6.5273e-05,0,2.65606e-05,0.000785818,2.3727e-09,0,1.35591e-05,0,2.11263e-05,0
0.167644,0.291699,-1.58166e+06,1.84999,1720.11,0.658673,0.0120338,0,8.40508e-06,0.00940127,0.000514341,8.52235e-05,0.000796562,0.122234,9.12994e-06,0.0214786,0.158603,0,2.82345e-05,3.05618e-05,6.05713e-05,1.04017e-05,0,0.0123444,0,0,0.000191639,2.0415e-07,0.0025796,6.53275e-05,0,2.65835e-05,0.000790004,2.38958e-09,0,1.36528e-05,0,2.12441e-05,0
0.168051,0.291673,-1.5855e+06,1.842,1719.91,0.658566,0.0120319,0,8.36873e-06,0.00930713,0.000511433,8.46633e-05,0.0007983,0.122313,9.13888e-06,0.0215154,0.158631,0,2.8272e-05,3.06752e-05,6.07392e-05,1.03969e-05,0,0.0123933,0,0,0.000192569,2.02269e-07,0.0025859,6.5376e-05,0,2.66039e-05,0.000793842,2.40509e-09,0,1.37388e-05,0,2.13522e-05,0
0.168408,0.291641,-1.58888e+06,1.83499,1719.74,0.658473,0.0120302,0,8.33685e-06,0.00922533,0.000508888,8.41738e-05,0.000799816,0.122382,9.14665e-06,0.0215475,0.158655,0,2.83044e-05,3.07745e-05,6.08858e-05,1.03925e-05,0,0.0124361,0,0,0.000193385,2.00632e-07,0.00259139,6.54176e-05,0,2.66213e-05,0.000797207,2.41872e-09,0,1.38144e-05,0,2.1447e-05,0
0.168701,0.291605,-1.59165e+06,1.82923,1719.59,0.658397,0.0120288,0,8.31067e-06,0.00915873,0.000506803,8.37733e-05,0.000801056,0.122438,9.15299e-06,0.0215737,0.158674,0,2.83307e-05,3.08558e-05,6.10055e-05,1.03887e-05,0,0.0124712,0,0,0.000194054,1.99298e-07,0.00259589,6.54509e-05,0,2.66353e-05,0.000799969,2.42994e-09,0,1.38766e-05,0,2.15248e-05,0
0.168917,0.291568,-1.59371e+06,1.82499,1719.48,0.658342,0.0120277,0,8.29138e-06,0.00910994,0.000505269,8.34787e-05,0.000801967,0.12248,9.15763e-06,0.021593,0.158688,0,2.83499e-05,3.09157e-05,6.10935e-05,1.0386e-05,0,0.012497,0,0,0.000194547,1.9832e-07,0.00259919,6.5475e-05,0,2.66454e-05,0.000802005,2.43822e-09,0,1.39225e-05,0,2.15822e-05,0
0.169052,0.29153,-1.595e+06,1.82235,1719.42,0.658307,0.0120271,0,8.27931e-06,0.00907957,0.000504312,8.32949e-05,0.000802535,0.122505,9.16053e-06,0.021605,0.158697,0,2.83619e-05,3.09531e-05,6.11483e-05,1.03842e-05,0,0.0125132,0,0,0.000194856,1.97711e-07,0.00260124,6.54899e-05,0,2.66517e-05,0.000803278,2.4434e-09,0,1.39512e-05,0,2.1618e-05,0
