Z,Yc,h,omegaYc,T,N2,AR,HE,H,O2,OH,O,H2,H2O,HO2,CO,CO2,HCO,CH3,CH4,CH2O,T-CH2,S-CH2,C2H4,CH3O,C2H5,C2H6,H2O2,C2H2,C2H3,CH2CHO,CH2CO,CH2OH,CH3CHO,CH3CO,C2H5OH,CH2CH2OH,CH3CHOH,CH3CH2O
-0,0,1893.98,0,300,0.75425,0.01378,0,0,0.23197,0,0,0,0,0,0,0,0,0,0,0,0,0,0,0,0,0,0,0,0,0,0,0,0,0,0,0,0,0
-0,0,1893.98,0,300,0.75425,0.01378,0,0,0.23197,0,0,0,0,0,0,0,0,0,0,0,0,0,0,0,0,0,0,0,0,0,0,0,0,0,0,0,0,0
-0,0,1893.98,0,300,0.75425,0.01378,0,0,0.23197,0,0,0,0,0,0,0,0,0,0,0,0,0,0,0,0,0,0,0,0,0,0,0,0,0,0,0,0,0
-0,0,1893.98,0,300,0.75425,0.01378,0,0,0.23197,0,0,0,0,0,0,0,0,0,0,0,0,0,0,0,0,0,0,0,0,0,0,0,0,0,0,0,0,0
-0,0,1893.98,0,300,0.75425,0.01378,0,0,0.23197,0,0,0,0,0,0,0,0,0,0,0,0,0,0,0,0,0,0,0,0,0,0,0,0,0,0,0,0,0
-0,0,1893.98,0,300,0.75425,0.01378,0,0,0.23197,0,0,0,0,0,0,0,0,0,0,0,0,0,0,0,0,0,0,0,0,0,0,0,0,0,0,0,0,0
-0,0,1893.98,0,300,0.75425,0.01378,0,0,0.23197,0,0,0,0,0,0,0,0,0,0,0,0,0,0,0,0,0,0,0,0,0,0,0,0,0,0,0,0,0
-0,0,1893.98,0,300,0.75425,0.01378,0,0,0.23197,0,0,0,0,0,0,0,0,0,0,0,0,0,0,0,0,0,0,0,0,0,0,0,0,0,0,0,0,0
-0,0,1893.98,0,300,0.75425,0.01378,0,0,0.23197,0,0,0,0,0,0,0,0,0,0,0,0,0,0,0,0,0,0,0,0,0,0,0,0,0,0,0,0,0
-0,0,1893.98,0,300,0.75425,0.01378,0,0,0.23197,0,0,0,0,0,0,0,0,0,0,0,0,0,0,0,0,0,0,0,0,0,0,0,0,0,0,0,0,0
-0,0,1893.98,0,300,0.75425,0.01378,0,0,0.23197,0,0,0,0,0,0,0,0,0,0,0,0,0,0,0,0,0,0,0,0,0,0,0,0,0,0,0,0,0
-0,0,1893.98,0,300,0.75425,0.01378,0,0,0.23197,0,0,0,0,0,0,0,0,0,0,0,0,0,0,0,0,0,0,0,0,0,0,0,0,0,0,0,0,0
-0,0,1893.98,0,300,0.75425,0.01378,0,0,0.23197,0,0,0,0,0,0,0,0,0,0,0,0,0,0,0,0,0,0,0,0,0,0,0,0,0,0,0,0,0
-0,0,1893.98,0,300,0.75425,0.01378,0,0,0.23197,0,0,0,0,0,0,0,0,0,0,0,0,0,0,0,0,0,0,0,0,0,0,0,0,0,0,0,0,0
-0,0,1893.98,0,300,0.75425,0.01378,0,0,0.23197,0,0,0,0,0,0,0,0,0,0,0,0,0,0,0,0,0,0,0,0,0,0,0,0,0,0,0,0,0
-0,0,1893.98,0,300,0.75425,0.01378,0,0,0.23197,0,0,0,0,0,0,0,0,0,0,0,0,0,0,0,0,0,0,0,0,0,0,0,0,0,0,0,0,0
-0,0,1893.98,0,300,0.75425,0.01378,0,0,0.23197,0,0,0,0,0,0,0,0,0,0,0,0,0,0,0,0,0,0,0,0,0,0,0,0,0,0,0,0,0
-0,0,1893.98,0,300,0.75425,0.01378,0,0,0.23197,0,0,0,0,0,0,0,0,0,0,0,0,0,0,0,0,0,0,0,0,0,0,0,0,0,0,0,0,0
-0,0,1893.98,0,300,0.75425,0.01378,0,0,0.23197,0,0,0,0,0,0,0,0,0,0,0,0,0,0,0,0,0,0,0,0,0,0,0,0,0,0,0,0,0
-0,0,1893.98,0,300,0.75425,0.01378,0,0,0.23197,0,0,0,0,0,0,0,0,0,0,0,0,0,0,0,0,0,0,0,0,0,0,0,0,0,0,0,0,0
-0,0,1893.98,0,300,0.75425,0.01378,0,0,0.23197,0,0,0,0,0,0,0,0,0,0,0,0,0,0,0,0,0,0,0,0,0,0,0,0,0,0,0,0,0
-0,0,1893.98,0,300,0.75425,0.01378,0,0,0.23197,0,0,0,0,0,0,0,0,0,0,0,0,0,0,0,0,0,0,0,0,0,0,0,0,0,0,0,0,0
-0,0,1893.98,0,300,0.75425,0.01378,0,0,0.23197,0,0,0,0,0,0,0,0,0,0,0,0,0,0,0,0,0,0,0,0,0,0,0,0,0,0,0,0,0
-0,0,1893.98,0,300,0.75425,0.01378,0,0,0.23197,0,0,0,0,0,0,0,0,0,0,0,0,0,0,0,0,0,0,0,0,0,0,0,0,0,0,0,0,0
-0,0,1893.98,0,300,0.75425,0.01378,0,0,0.23197,0,0,0,0,0,0,0,0,0,0,0,0,0,0,0,0,0,0,0,0,0,0,0,0,0,0,0,0,0
-0,0,1893.98,0,300,0.75425,0.01378,0,0,0.23197,0,0,0,0,0,0,0,0,0,0,0,0,0,0,0,0,0,0,0,0,0,0,0,0,0,0,0,0,0
-0,0,1893.98,0,300,0.75425,0.01378,0,0,0.23197,0,0,0,0,0,0,0,0,0,0,0,0,0,0,0,0,0,0,0,0,0,0,0,0,0,0,0,0,0
-0,0,1893.98,0,300,0.75425,0.01378,0,0,0.23197,0,0,0,0,0,0,0,0,0,0,0,0,0,0,0,0,0,0,0,0,0,0,0,0,0,0,0,0,0
-0,0,1893.98,0,300,0.75425,0.01378,0,0,0.23197,0,0,0,0,0,0,0,0,0,0,0,0,0,0,0,0,0,0,0,0,0,0,0,0,0,0,0,0,0
-0,0,1893.98,0,300,0.75425,0.01378,0,0,0.23197,0,0,0,0,0,0,0,0,0,0,0,0,0,0,0,0,0,0,0,0,0,0,0,0,0,0,0,0,0
-0,0,1893.98,0,300,0.75425,0.01378,0,0,0.23197,0,0,0,0,0,0,0,0,0,0,0,0,0,0,0,0,0,0,0,0,0,0,0,0,0,0,0,0,0
-0,0,1893.98,0,300,0.75425,0.01378,0,0,0.23197,0,0,0,0,0,0,0,0,0,0,0,0,0,0,0,0,0,0,0,0,0,0,0,0,0,0,0,0,0
-0,0,1893.98,0,300,0.75425,0.01378,0,0,0.23197,0,0,0,0,0,0,0,0,0,0,0,0,0,0,0,0,0,0,0,0,0,0,0,0,0,0,0,0,0
-0,0,1893.98,0,300,0.75425,0.01378,0,0,0.23197,0,0,0,0,0,0,0,0,0,0,0,0,0,0,0,0,0,0,0,0,0,0,0,0,0,0,0,0,0
-0,0,1893.98,0,300,0.75425,0.01378,0,0,0.23197,0,0,0,0,0,0,0,0,0,0,0,0,0,0,0,0,0,0,0,0,0,0,0,0,0,0,0,0,0
-0,0,1893.98,0,300,0.75425,0.01378,0,0,0.23197,0,0,0,0,0,0,0,0,0,0,0,0,0,0,0,0,0,0,0,0,0,0,0,0,0,0,0,0,0
-0,0,1893.98,0,300,0.75425,0.01378,0,0,0.23197,0,0,0,0,0,0,0,0,0,0,0,0,0,0,0,0,0,0,0,0,0,0,0,0,0,0,0,0,0
-0,0,1893.98,0,300,0.75425,0.01378,0,0,0.23197,0,0,0,0,0,0,0,0,0,0,0,0,0,0,0,0,0,0,0,0,0,0,0,0,0,0,0,0,0
-0,0,1893.98,0,300,0.75425,0.01378,0,0,0.23197,0,0,0,0,0,0,0,0,0,0,0,0,0,0,0,0,0,0,0,0,0,0,0,0,0,0,0,0,0
-0,0,1893.98,0,300,0.75425,0.01378,0,0,0.23197,0,0,0,0,0,0,0,0,0,0,0,0,0,0,0,0,0,0,0,0,0,0,0,0,0,0,0,0,0
-0,0,1893.98,0,300,0.75425,0.01378,0,0,0.23197,0,0,0,0,0,0,0,0,0,0,0,0,0,0,0,0,0,0,0,0,0,0,0,0,0,0,0,0,0
-0,0,1893.98,0,300,0.75425,0.01378,0,0,0.23197,0,0,0,0,0,0,0,0,0,0,0,0,0,0,0,0,0,0,0,0,0,0,0,0,0,0,0,0,0
-0,0,1893.98,0,300,0.75425,0.01378,0,0,0.23197,0,0,0,0,0,0,0,0,0,0,0,0,0,0,0,0,0,0,0,0,0,0,0,0,0,0,0,0,0
-0,0,1893.98,0,300,0.75425,0.01378,0,0,0.23197,0,0,0,0,0,0,0,0,0,0,0,0,0,0,0,0,0,0,0,0,0,0,0,0,0,0,0,0,0
-0,0,1893.98,0,300,0.75425,0.01378,0,0,0.23197,0,0,0,0,0,0,0,0,0,0,0,0,0,0,0,0,0,0,0,0,0,0,0,0,0,0,0,0,0
-0,0,1893.98,0,300,0.75425,0.01378,0,0,0.23197,0,0,0,0,0,0,0,0,0,0,0,0,0,0,0,0,0,0,0,0,0,0,0,0,0,0,0,0,0
-0,0,1893.98,0,300,0.75425,0.01378,0,0,0.23197,0,0,0,0,0,0,0,0,0,0,0,0,0,0,0,0,0,0,0,0,0,0,0,0,0,0,0,0,0
-0,0,1893.98,0,300,0.75425,0.01378,0,0,0.23197,0,0,0,0,0,0,0,0,0,0,0,0,0,0,0,0,0,0,0,0,0,0,0,0,0,0,0,0,0
-0,0,1893.98,0,300,0.75425,0.01378,0,0,0.23197,0,0,0,0,0,0,0,0,0,0,0,0,0,0,0,0,0,0,0,0,0,0,0,0,0,0,0,0,0
-0,0,1893.98,0,300,0.75425,0.01378,0,0,0.23197,0,0,0,0,0,0,0,0,0,0,0,0,0,0,0,0,0,0,0,0,0,0,0,0,0,0,0,0,0
-0,0,1893.98,0,300,0.75425,0.01378,0,0,0.23197,0,0,0,0,0,0,0,0,0,0,0,0,0,0,0,0,0,0,0,0,0,0,0,0,0,0,0,0,0
-0,0,1893.98,0,300,0.75425,0.01378,0,0,0.23197,0,0,0,0,0,0,0,0,0,0,0,0,0,0,0,0,0,0,0,0,0,0,0,0,0,0,0,0,0
-0,0,1893.98,0,300,0.75425,0.01378,0,0,0.23197,0,0,0,0,0,0,0,0,0,0,0,0,0,0,0,0,0,0,0,0,0,0,0,0,0,0,0,0,0
-0,0,1893.98,0,300,0.75425,0.01378,0,0,0.23197,0,0,0,0,0,0,0,0,0,0,0,0,0,0,0,0,0,0,0,0,0,0,0,0,0,0,0,0,0
-0,0,1893.98,0,300,0.75425,0.01378,0,0,0.23197,0,0,0,0,0,0,0,0,0,0,0,0,0,0,0,0,0,0,0,0,0,0,0,0,0,0,0,0,0
-0,0,1893.98,0,300,0.75425,0.01378,0,0,0.23197,0,0,0,0,0,0,0,0,0,0,0,0,0,0,0,0,0,0,0,0,0,0,0,0,0,0,0,0,0
-0,0,1893.98,0,300,0.75425,0.01378,0,0,0.23197,0,0,0,0,0,0,0,0,0,0,0,0,0,0,0,0,0,0,0,0,0,0,0,0,0,0,0,0,0
-0,0,1893.98,0,300,0.75425,0.01378,0,0,0.23197,0,0,0,0,0,0,0,0,0,0,0,0,0,0,0,0,0,0,0,0,0,0,0,0,0,0,0,0,0
-0,0,1893.98,0,300,0.75425,0.01378,0,0,0.23197,0,0,0,0,0,0,0,0,0,0,0,0,0,0,0,0,0,0,0,0,0,0,0,0,0,0,0,0,0
-0,0,1893.98,0,300,0.75425,0.01378,0,0,0.23197,0,0,0,0,0,0,0,0,0,0,0,0,0,0,0,0,0,0,0,0,0,0,0,0,0,0,0,0,0
-0,0,1893.98,0,300,0.75425,0.01378,0,0,0.23197,0,0,0,0,0,0,0,0,0,0,0,0,0,0,0,0,0,0,0,0,0,0,0,0,0,0,0,0,0
-0,0,1893.98,0,300,0.75425,0.01378,0,0,0.23197,0,0,0,0,0,0,0,0,0,0,0,0,0,0,0,0,0,0,0,0,0,0,0,0,0,0,0,0,0
-0,0,1893.98,0,300,0.75425,0.01378,0,0,0.23197,0,0,0,0,0,0,0,0,0,0,0,0,0,0,0,0,0,0,0,0,0,0,0,0,0,0,0,0,0
-0,0,1893.98,0,300,0.75425,0.01378,0,0,0.23197,0,0,0,0,0,0,0,0,0,0,0,0,0,0,0,0,0,0,0,0,0,0,0,0,0,0,0,0,0
-0,0,1893.98,0,300,0.75425,0.01378,0,0,0.23197,0,0,0,0,0,0,0,0,0,0,0,0,0,0,0,0,0,0,0,0,0,0,0,0,0,0,0,0,0
-0,0,1893.98,0,300,0.75425,0.01378,0,0,0.23197,0,0,0,0,0,0,0,0,0,0,0,0,0,0,0,0,0,0,0,0,0,0,0,0,0,0,0,0,0
-0,0,1893.98,0,300,0.75425,0.01378,0,0,0.23197,0,0,0,0,0,0,0,0,0,0,0,0,0,0,0,0,0,0,0,0,0,0,0,0,0,0,0,0,0
-0,0,1893.98,0,300,0.75425,0.01378,0,0,0.23197,0,0,0,0,0,0,0,0,0,0,0,0,0,0,0,0,0,0,0,0,0,0,0,0,0,0,0,0,0
-0,0,1893.98,0,300,0.75425,0.01378,0,0,0.23197,0,0,0,0,0,0,0,0,0,0,0,0,0,0,0,0,0,0,0,0,0,0,0,0,0,0,0,0,0
-0,0,1893.98,0,300,0.75425,0.01378,0,0,0.23197,0,0,0,0,0,0,0,0,0,0,0,0,0,0,0,0,0,0,0,0,0,0,0,0,0,0,0,0,0
-0,0,1893.98,0,300,0.75425,0.01378,0,0,0.23197,0,0,0,0,0,0,0,0,0,0,0,0,0,0,0,0,0,0,0,0,0,0,0,0,0,0,0,0,0
-0,0,1893.98,0,300,0.75425,0.01378,0,0,0.23197,0,0,0,0,0,0,0,0,0,0,0,0,0,0,0,0,0,0,0,0,0,0,0,0,0,0,0,0,0
-0,0,1893.98,0,300,0.75425,0.01378,0,0,0.23197,0,0,0,0,0,0,0,0,0,0,0,0,0,0,0,0,0,0,0,0,0,0,0,0,0,0,0,0,0
-0,0,1893.98,0,300,0.75425,0.01378,0,0,0.23197,0,0,0,0,0,0,0,0,0,0,0,0,0,0,0,0,0,0,0,0,0,0,0,0,0,0,0,0,0
-0,0,1893.98,0,300,0.75425,0.01378,0,0,0.23197,0,0,0,0,0,0,0,0,0,0,0,0,0,0,0,0,0,0,0,0,0,0,0,0,0,0,0,0,0
-0,0,1893.98,0,300,0.75425,0.01378,0,0,0.23197,0,0,0,0,0,0,0,0,0,0,0,0,0,0,0,0,0,0,0,0,0,0,0,0,0,0,0,0,0
-0,0,1893.98,0,300,0.75425,0.01378,0,0,0.23197,0,0,0,0,0,0,0,0,0,0,0,0,0,0,0,0,0,0,0,0,0,0,0,0,0,0,0,0,0
-0,0,1893.98,0,300,0.75425,0.01378,0,0,0.23197,0,0,0,0,0,0,0,0,0,0,0,0,0,0,0,0,0,0,0,0,0,0,0,0,0,0,0,0,0
-0,0,1893.98,0,300,0.75425,0.01378,0,0,0.23197,0,0,0,0,0,0,0,0,0,0,0,0,0,0,0,0,0,0,0,0,0,0,0,0,0,0,0,0,0
-0,0,1893.98,0,300,0.75425,0.01378,0,0,0.23197,0,0,0,0,0,0,0,0,0,0,0,0,0,0,0,0,0,0,0,0,0,0,0,0,0,0,0,0,0
-0,0,1893.98,0,300,0.75425,0.01378,0,0,0.23197,0,0,0,0,0,0,0,0,0,0,0,0,0,0,0,0,0,0,0,0,0,0,0,0,0,0,0,0,0
-0,0,1893.98,0,300,0.75425,0.01378,0,0,0.23197,0,0,0,0,0,0,0,0,0,0,0,0,0,0,0,0,0,0,0,0,0,0,0,0,0,0,0,0,0
-0,0,1893.98,0,300,0.75425,0.01378,0,0,0.23197,0,0,0,0,0,0,0,0,0,0,0,0,0,0,0,0,0,0,0,0,0,0,0,0,0,0,0,0,0
-0,0,1893.98,0,300,0.75425,0.01378,0,0,0.23197,0,0,0,0,0,0,0,0,0,0,0,0,0,0,0,0,0,0,0,0,0,0,0,0,0,0,0,0,0
-0,0,1893.98,0,300,0.75425,0.01378,0,0,0.23197,0,0,0,0,0,0,0,0,0,0,0,0,0,0,0,0,0,0,0,0,0,0,0,0,0,0,0,0,0
-0,0,1893.98,0,300,0.75425,0.01378,0,0,0.23197,0,0,0,0,0,0,0,0,0,0,0,0,0,0,0,0,0,0,0,0,0,0,0,0,0,0,0,0,0
-0,0,1893.98,0,300,0.75425,0.01378,0,0,0.23197,0,0,0,0,0,0,0,0,0,0,0,0,0,0,0,0,0,0,0,0,0,0,0,0,0,0,0,0,0
-0,0,1893.98,0,300,0.75425,0.01378,0,0,0.23197,0,0,0,0,0,0,0,0,0,0,0,0,0,0,0,0,0,0,0,0,0,0,0,0,0,0,0,0,0
-0,0,1893.98,0,300,0.75425,0.01378,0,0,0.23197,0,0,0,0,0,0,0,0,0,0,0,0,0,0,0,0,0,0,0,0,0,0,0,0,0,0,0,0,0
-0,0,1893.98,0,300,0.75425,0.01378,0,0,0.23197,0,0,0,0,0,0,0,0,0,0,0,0,0,0,0,0,0,0,0,0,0,0,0,0,0,0,0,0,0
-0,0,1893.98,0,300,0.75425,0.01378,0,0,0.23197,0,0,0,0,0,0,0,0,0,0,0,0,0,0,0,0,0,0,0,0,0,0,0,0,0,0,0,0,0
-0,0,1893.98,0,300,0.75425,0.01378,0,0,0.23197,0,0,0,0,0,0,0,0,0,0,0,0,0,0,0,0,0,0,0,0,0,0,0,0,0,0,0,0,0
-0,0,1893.98,0,300,0.75425,0.01378,0,0,0.23197,0,0,0,0,0,0,0,0,0,0,0,0,0,0,0,0,0,0,0,0,0,0,0,0,0,0,0,0,0
-0,0,1893.98,0,300,0.75425,0.01378,0,0,0.23197,0,0,0,0,0,0,0,0,0,0,0,0,0,0,0,0,0,0,0,0,0,0,0,0,0,0,0,0,0
-0,0,1893.98,0,300,0.75425,0.01378,0,0,0.23197,0,0,0,0,0,0,0,0,0,0,0,0,0,0,0,0,0,0,0,0,0,0,0,0,0,0,0,0,0
-0,0,1893.98,0,300,0.75425,0.01378,0,0,0.23197,0,0,0,0,0,0,0,0,0,0,0,0,0,0,0,0,0,0,0,0,0,0,0,0,0,0,0,0,0
-0,0,1893.98,0,300,0.75425,0.01378,0,0,0.23197,0,0,0,0,0,0,0,0,0,0,0,0,0,0,0,0,0,0,0,0,0,0,0,0,0,0,0,0,0
-0,0,1893.98,0,300,0.75425,0.01378,0,0,0.23197,0,0,0,0,0,0,0,0,0,0,0,0,0,0,0,0,0,0,0,0,0,0,0,0,0,0,0,0,0
-0,0,1893.98,0,300,0.75425,0.01378,0,0,0.23197,0,0,0,0,0,0,0,0,0,0,0,0,0,0,0,0,0,0,0,0,0,0,0,0,0,0,0,0,0
-0,0,1893.98,0,300,0.75425,0.01378,0,0,0.23197,0,0,0,0,0,0,0,0,0,0,0,0,0,0,0,0,0,0,0,0,0,0,0,0,0,0,0,0,0
-0,0,1893.98,0,300,0.75425,0.01378,0,0,0.23197,0,0,0,0,0,0,0,0,0,0,0,0,0,0,0,0,0,0,0,0,0,0,0,0,0,0,0,0,0
-0,0,1893.98,0,300,0.75425,0.01378,0,0,0.23197,0,0,0,0,0,0,0,0,0,0,0,0,0,0,0,0,0,0,0,0,0,0,0,0,0,0,0,0,0
-0,0,1893.98,0,300,0.75425,0.01378,0,0,0.23197,0,0,0,0,0,0,0,0,0,0,0,0,0,0,0,0,0,0,0,0,0,0,0,0,0,0,0,0,0
-0,0,1893.98,0,300,0.75425,0.01378,0,0,0.23197,0,0,0,0,0,0,0,0,0,0,0,0,0,0,0,0,0,0,0,0,0,0,0,0,0,0,0,0,0
-0,0,1893.98,0,300,0.75425,0.01378,0,0,0.23197,0,0,0,0,0,0,0,0,0,0,0,0,0,0,0,0,0,0,0,0,0,0,0,0,0,0,0,0,0
-0,0,1893.98,0,300,0.75425,0.01378,0,0,0.23197,0,0,0,0,0,0,0,0,0,0,0,0,0,0,0,0,0,0,0,0,0,0,0,0,0,0,0,0,0
-0,0,1893.98,0,300,0.75425,0.01378,0,0,0.23197,0,0,0,0,0,0,0,0,0,0,0,0,0,0,0,0,0,0,0,0,0,0,0,0,0,0,0,0,0
-0,0,1893.98,0,300,0.75425,0.01378,0,0,0.23197,0,0,0,0,0,0,0,0,0,0,0,0,0,0,0,0,0,0,0,0,0,0,0,0,0,0,0,0,0
-0,0,1893.98,0,300,0.75425,0.01378,0,0,0.23197,0,0,0,0,0,0,0,0,0,0,0,0,0,0,0,0,0,0,0,0,0,0,0,0,0,0,0,0,0
-0,0,1893.98,0,300,0.75425,0.01378,0,0,0.23197,0,0,0,0,0,0,0,0,0,0,0,0,0,0,0,0,0,0,0,0,0,0,0,0,0,0,0,0,0
-0,0,1893.98,0,300,0.75425,0.01378,0,0,0.23197,0,0,0,0,0,0,0,0,0,0,0,0,0,0,0,0,0,0,0,0,0,0,0,0,0,0,0,0,0
-0,0,1893.98,0,300,0.75425,0.01378,0,0,0.23197,0,0,0,0,0,0,0,0,0,0,0,0,0,0,0,0,0,0,0,0,0,0,0,0,0,0,0,0,0
-0,0,1893.98,0,300,0.75425,0.01378,0,0,0.23197,0,0,0,0,0,0,0,0,0,0,0,0,0,0,0,0,0,0,0,0,0,0,0,0,0,0,0,0,0
-0,0,1893.98,0,300,0.75425,0.01378,0,0,0.23197,0,0,0,0,0,0,0,0,0,0,0,0,0,0,0,0,0,0,0,0,0,0,0,0,0,0,0,0,0
-0,0,1893.98,0,300,0.75425,0.01378,0,0,0.23197,0,0,0,0,0,0,0,0,0,0,0,0,0,0,0,0,0,0,0,0,0,0,0,0,0,0,0,0,0
-0,0,1893.98,0,300,0.75425,0.01378,0,0,0.23197,0,0,0,0,0,0,0,0,0,0,0,0,0,0,0,0,0,0,0,0,0,0,0,0,0,0,0,0,0
-0,0,1893.98,0,300,0.75425,0.01378,0,0,0.23197,0,0,0,0,0,0,0,0,0,0,0,0,0,0,0,0,0,0,0,0,0,0,0,0,0,0,0,0,0
-0,0,1893.98,0,300,0.75425,0.01378,0,0,0.23197,0,0,0,0,0,0,0,0,0,0,0,0,0,0,0,0,0,0,0,0,0,0,0,0,0,0,0,0,0
-0,0,1893.98,0,300,0.75425,0.01378,0,0,0.23197,0,0,0,0,0,0,0,0,0,0,0,0,0,0,0,0,0,0,0,0,0,0,0,0,0,0,0,0,0
-0,0,1893.98,0,300,0.75425,0.01378,0,0,0.23197,0,0,0,0,0,0,0,0,0,0,0,0,0,0,0,0,0,0,0,0,0,0,0,0,0,0,0,0,0
-0,0,1893.98,0,300,0.75425,0.01378,0,0,0.23197,0,0,0,0,0,0,0,0,0,0,0,0,0,0,0,0,0,0,0,0,0,0,0,0,0,0,0,0,0
-0,0,1893.98,0,300,0.75425,0.01378,0,0,0.23197,0,0,0,0,0,0,0,0,0,0,0,0,0,0,0,0,0,0,0,0,0,0,0,0,0,0,0,0,0
-0,0,1893.98,0,300,0.75425,0.01378,0,0,0.23197,0,0,0,0,0,0,0,0,0,0,0,0,0,0,0,0,0,0,0,0,0,0,0,0,0,0,0,0,0
-0,0,1893.98,0,300,0.75425,0.01378,0,0,0.23197,0,0,0,0,0,0,0,0,0,0,0,0,0,0,0,0,0,0,0,0,0,0,0,0,0,0,0,0,0
-0,0,1893.98,0,300,0.75425,0.01378,0,0,0.23197,0,0,0,0,0,0,0,0,0,0,0,0,0,0,0,0,0,0,0,0,0,0,0,0,0,0,0,0,0
-0,0,1893.98,0,300,0.75425,0.01378,0,0,0.23197,0,0,0,0,0,0,0,0,0,0,0,0,0,0,0,0,0,0,0,0,0,0,0,0,0,0,0,0,0
-0,0,1893.98,0,300,0.75425,0.01378,0,0,0.23197,0,0,0,0,0,0,0,0,0,0,0,0,0,0,0,0,0,0,0,0,0,0,0,0,0,0,0,0,0
-0,0,1893.98,0,300,0.75425,0.01378,0,0,0.23197,0,0,0,0,0,0,0,0,0,0,0,0,0,0,0,0,0,0,0,0,0,0,0,0,0,0,0,0,0
-0,0,1893.98,0,300,0.75425,0.01378,0,0,0.23197,0,0,0,0,0,0,0,0,0,0,0,0,0,0,0,0,0,0,0,0,0,0,0,0,0,0,0,0,0
-0,0,1893.98,0,300,0.75425,0.01378,0,0,0.23197,0,0,0,0,0,0,0,0,0,0,0,0,0,0,0,0,0,0,0,0,0,0,0,0,0,0,0,0,0
-0,0,1893.98,0,300,0.75425,0.01378,0,0,0.23197,0,0,0,0,0,0,0,0,0,0,0,0,0,0,0,0,0,0,0,0,0,0,0,0,0,0,0,0,0
-0,0,1893.98,0,300,0.75425,0.01378,0,0,0.23197,0,0,0,0,0,0,0,0,0,0,0,0,0,0,0,0,0,0,0,0,0,0,0,0,0,0,0,0,0
-0,0,1893.98,0,300,0.75425,0.01378,0,0,0.23197,0,0,0,0,0,0,0,0,0,0,0,0,0,0,0,0,0,0,0,0,0,0,0,0,0,0,0,0,0
-0,0,1893.98,0,300,0.75425,0.01378,0,0,0.23197,0,0,0,0,0,0,0,0,0,0,0,0,0,0,0,0,0,0,0,0,0,0,0,0,0,0,0,0,0
-0,0,1893.98,0,300,0.75425,0.01378,0,0,0.23197,0,0,0,0,0,0,0,0,0,0,0,0,0,0,0,0,0,0,0,0,0,0,0,0,0,0,0,0,0
-0,0,1893.98,0,300,0.75425,0.01378,0,0,0.23197,0,0,0,0,0,0,0,0,0,0,0,0,0,0,0,0,0,0,0,0,0,0,0,0,0,0,0,0,0
-0,0,1893.98,0,300,0.75425,0.01378,0,0,0.23197,0,0,0,0,0,0,0,0,0,0,0,0,0,0,0,0,0,0,0,0,0,0,0,0,0,0,0,0,0
-0,0,1893.98,0,300,0.75425,0.01378,0,0,0.23197,0,0,0,0,0,0,0,0,0,0,0,0,0,0,0,0,0,0,0,0,0,0,0,0,0,0,0,0,0
-0,0,1893.98,0,300,0.75425,0.01378,0,0,0.23197,0,0,0,0,0,0,0,0,0,0,0,0,0,0,0,0,0,0,0,0,0,0,0,0,0,0,0,0,0
-0,0,1893.98,0,300,0.75425,0.01378,0,0,0.23197,0,0,0,0,0,0,0,0,0,0,0,0,0,0,0,0,0,0,0,0,0,0,0,0,0,0,0,0,0
-0,0,1893.98,0,300,0.75425,0.01378,0,0,0.23197,0,0,0,0,0,0,0,0,0,0,0,0,0,0,0,0,0,0,0,0,0,0,0,0,0,0,0,0,0
-0,0,1893.98,0,300,0.75425,0.01378,0,0,0.23197,0,0,0,0,0,0,0,0,0,0,0,0,0,0,0,0,0,0,0,0,0,0,0,0,0,0,0,0,0
-0,0,1893.98,0,300,0.75425,0.01378,0,0,0.23197,0,0,0,0,0,0,0,0,0,0,0,0,0,0,0,0,0,0,0,0,0,0,0,0,0,0,0,0,0
-0,0,1893.98,0,300,0.75425,0.01378,0,0,0.23197,0,0,0,0,0,0,0,0,0,0,0,0,0,0,0,0,0,0,0,0,0,0,0,0,0,0,0,0,0
-0,0,1893.98,0,300,0.75425,0.01378,0,0,0.23197,0,0,0,0,0,0,0,0,0,0,0,0,0,0,0,0,0,0,0,0,0,0,0,0,0,0,0,0,0
-0,0,1893.98,0,300,0.75425,0.01378,0,0,0.23197,0,0,0,0,0,0,0,0,0,0,0,0,0,0,0,0,0,0,0,0,0,0,0,0,0,0,0,0,0
-0,0,1893.98,0,300,0.75425,0.01378,0,0,0.23197,0,0,0,0,0,0,0,0,0,0,0,0,0,0,0,0,0,0,0,0,0,0,0,0,0,0,0,0,0
-0,0,1893.98,0,300,0.75425,0.01378,0,0,0.23197,0,0,0,0,0,0,0,0,0,0,0,0,0,0,0,0,0,0,0,0,0,0,0,0,0,0,0,0,0
-0,0,1893.98,0,300,0.75425,0.01378,0,0,0.23197,0,0,0,0,0,0,0,0,0,0,0,0,0,0,0,0,0,0,0,0,0,0,0,0,0,0,0,0,0
-0,0,1893.98,0,300,0.75425,0.01378,0,0,0.23197,0,0,0,0,0,0,0,0,0,0,0,0,0,0,0,0,0,0,0,0,0,0,0,0,0,0,0,0,0
-0,0,1893.98,0,300,0.75425,0.01378,0,0,0.23197,0,0,0,0,0,0,0,0,0,0,0,0,0,0,0,0,0,0,0,0,0,0,0,0,0,0,0,0,0
-0,0,1893.98,0,300,0.75425,0.01378,0,0,0.23197,0,0,0,0,0,0,0,0,0,0,0,0,0,0,0,0,0,0,0,0,0,0,0,0,0,0,0,0,0
-0,0,1893.98,0,300,0.75425,0.01378,0,0,0.23197,0,0,0,0,0,0,0,0,0,0,0,0,0,0,0,0,0,0,0,0,0,0,0,0,0,0,0,0,0
-0,0,1893.98,0,300,0.75425,0.01378,0,0,0.23197,0,0,0,0,0,0,0,0,0,0,0,0,0,0,0,0,0,0,0,0,0,0,0,0,0,0,0,0,0
-0,0,1893.98,0,300,0.75425,0.01378,0,0,0.23197,0,0,0,0,0,0,0,0,0,0,0,0,0,0,0,0,0,0,0,0,0,0,0,0,0,0,0,0,0
-0,0,1893.98,0,300,0.75425,0.01378,0,0,0.23197,0,0,0,0,0,0,0,0,0,0,0,0,0,0,0,0,0,0,0,0,0,0,0,0,0,0,0,0,0
-0,0,1893.98,0,300,0.75425,0.01378,0,0,0.23197,0,0,0,0,0,0,0,0,0,0,0,0,0,0,0,0,0,0,0,0,0,0,0,0,0,0,0,0,0
-0,0,1893.98,0,300,0.75425,0.01378,0,0,0.23197,0,0,0,0,0,0,0,0,0,0,0,0,0,0,0,0,0,0,0,0,0,0,0,0,0,0,0,0,0
-0,0,1893.98,0,300,0.75425,0.01378,0,0,0.23197,0,0,0,0,0,0,0,0,0,0,0,0,0,0,0,0,0,0,0,0,0,0,0,0,0,0,0,0,0
-0,0,1893.98,0,300,0.75425,0.01378,0,0,0.23197,0,0,0,0,0,0,0,0,0,0,0,0,0,0,0,0,0,0,0,0,0,0,0,0,0,0,0,0,0
-0,0,1893.98,0,300,0.75425,0.01378,0,0,0.23197,0,0,0,0,0,0,0,0,0,0,0,0,0,0,0,0,0,0,0,0,0,0,0,0,0,0,0,0,0
-0,0,1893.98,0,300,0.75425,0.01378,0,0,0.23197,0,0,0,0,0,0,0,0,0,0,0,0,0,0,0,0,0,0,0,0,0,0,0,0,0,0,0,0,0
-0,0,1893.98,0,300,0.75425,0.01378,0,0,0.23197,0,0,0,0,0,0,0,0,0,0,0,0,0,0,0,0,0,0,0,0,0,0,0,0,0,0,0,0,0
-0,0,1893.98,0,300,0.75425,0.01378,0,0,0.23197,0,0,0,0,0,0,0,0,0,0,0,0,0,0,0,0,0,0,0,0,0,0,0,0,0,0,0,0,0
-0,0,1893.98,0,300,0.75425,0.01378,0,0,0.23197,0,0,0,0,0,0,0,0,0,0,0,0,0,0,0,0,0,0,0,0,0,0,0,0,0,0,0,0,0
-0,0,1893.98,0,300,0.75425,0.01378,0,0,0.23197,0,0,0,0,0,0,0,0,0,0,0,0,0,0,0,0,0,0,0,0,0,0,0,0,0,0,0,0,0
-0,0,1893.98,0,300,0.75425,0.01378,0,0,0.23197,0,0,0,0,0,0,0,0,0,0,0,0,0,0,0,0,0,0,0,0,0,0,0,0,0,0,0,0,0
-0,0,1893.98,0,300,0.75425,0.01378,0,0,0.23197,0,0,0,0,0,0,0,0,0,0,0,0,0,0,0,0,0,0,0,0,0,0,0,0,0,0,0,0,0
-0,0,1893.98,0,300,0.75425,0.01378,0,0,0.23197,0,0,0,0,0,0,0,0,0,0,0,0,0,0,0,0,0,0,0,0,0,0,0,0,0,0,0,0,0
-0,0,1893.98,0,300,0.75425,0.01378,0,0,0.23197,0,0,0,0,0,0,0,0,0,0,0,0,0,0,0,0,0,0,0,0,0,0,0,0,0,0,0,0,0
-0,0,1893.98,0,300,0.75425,0.01378,0,0,0.23197,0,0,0,0,0,0,0,0,0,0,0,0,0,0,0,0,0,0,0,0,0,0,0,0,0,0,0,0,0
-0,0,1893.98,0,300,0.75425,0.01378,0,0,0.23197,0,0,0,0,0,0,0,0,0,0,0,0,0,0,0,0,0,0,0,0,0,0,0,0,0,0,0,0,0
-0,0,1893.98,0,300,0.75425,0.01378,0,0,0.23197,0,0,0,0,0,0,0,0,0,0,0,0,0,0,0,0,0,0,0,0,0,0,0,0,0,0,0,0,0
-0,0,1893.98,0,300,0.75425,0.01378,0,0,0.23197,0,0,0,0,0,0,0,0,0,0,0,0,0,0,0,0,0,0,0,0,0,0,0,0,0,0,0,0,0
-0,0,1893.98,0,300,0.75425,0.01378,0,0,0.23197,0,0,0,0,0,0,0,0,0,0,0,0,0,0,0,0,0,0,0,0,0,0,0,0,0,0,0,0,0
-0,0,1893.98,0,300,0.75425,0.01378,0,0,0.23197,0,0,0,0,0,0,0,0,0,0,0,0,0,0,0,0,0,0,0,0,0,0,0,0,0,0,0,0,0
-0,0,1893.98,0,300,0.75425,0.01378,0,0,0.23197,0,0,0,0,0,0,0,0,0,0,0,0,0,0,0,0,0,0,0,0,0,0,0,0,0,0,0,0,0
-0,0,1893.98,0,300,0.75425,0.01378,0,0,0.23197,0,0,0,0,0,0,0,0,0,0,0,0,0,0,0,0,0,0,0,0,0,0,0,0,0,0,0,0,0
-0,0,1893.98,0,300,0.75425,0.01378,0,0,0.23197,0,0,0,0,0,0,0,0,0,0,0,0,0,0,0,0,0,0,0,0,0,0,0,0,0,0,0,0,0
-0,0,1893.98,0,300,0.75425,0.01378,0,0,0.23197,0,0,0,0,0,0,0,0,0,0,0,0,0,0,0,0,0,0,0,0,0,0,0,0,0,0,0,0,0
-0,0,1893.98,0,300,0.75425,0.01378,0,0,0.23197,0,0,0,0,0,0,0,0,0,0,0,0,0,0,0,0,0,0,0,0,0,0,0,0,0,0,0,0,0
-0,0,1893.98,0,300,0.75425,0.01378,0,0,0.23197,0,0,0,0,0,0,0,0,0,0,0,0,0,0,0,0,0,0,0,0,0,0,0,0,0,0,0,0,0
-0,0,1893.98,0,300,0.75425,0.01378,0,0,0.23197,0,0,0,0,0,0,0,0,0,0,0,0,0,0,0,0,0,0,0,0,0,0,0,0,0,0,0,0,0
-0,0,1893.98,0,300,0.75425,0.01378,0,0,0.23197,0,0,0,0,0,0,0,0,0,0,0,0,0,0,0,0,0,0,0,0,0,0,0,0,0,0,0,0,0
-0,0,1893.98,0,300,0.75425,0.01378,0,0,0.23197,0,0,0,0,0,0,0,0,0,0,0,0,0,0,0,0,0,0,0,0,0,0,0,0,0,0,0,0,0
-0,0,1893.98,0,300,0.75425,0.01378,0,0,0.23197,0,0,0,0,0,0,0,0,0,0,0,0,0,0,0,0,0,0,0,0,0,0,0,0,0,0,0,0,0
-0,0,1893.98,0,300,0.75425,0.01378,0,0,0.23197,0,0,0,0,0,0,0,0,0,0,0,0,0,0,0,0,0,0,0,0,0,0,0,0,0,0,0,0,0
-0,0,1893.98,0,300,0.75425,0.01378,0,0,0.23197,0,0,0,0,0,0,0,0,0,0,0,0,0,0,0,0,0,0,0,0,0,0,0,0,0,0,0,0,0
-0,0,1893.98,0,300,0.75425,0.01378,0,0,0.23197,0,0,0,0,0,0,0,0,0,0,0,0,0,0,0,0,0,0,0,0,0,0,0,0,0,0,0,0,0
-0,0,1893.98,0,300,0.75425,0.01378,0,0,0.23197,0,0,0,0,0,0,0,0,0,0,0,0,0,0,0,0,0,0,0,0,0,0,0,0,0,0,0,0,0
-0,0,1893.98,0,300,0.75425,0.01378,0,0,0.23197,0,0,0,0,0,0,0,0,0,0,0,0,0,0,0,0,0,0,0,0,0,0,0,0,0,0,0,0,0
-0,0,1893.98,0,300,0.75425,0.01378,0,0,0.23197,0,0,0,0,0,0,0,0,0,0,0,0,0,0,0,0,0,0,0,0,0,0,0,0,0,0,0,0,0
-0,0,1893.98,0,300,0.75425,0.01378,0,0,0.23197,0,0,0,0,0,0,0,0,0,0,0,0,0,0,0,0,0,0,0,0,0,0,0,0,0,0,0,0,0
-0,0,1893.98,0,300,0.75425,0.01378,0,0,0.23197,0,0,0,0,0,0,0,0,0,0,0,0,0,0,0,0,0,0,0,0,0,0,0,0,0,0,0,0,0
-0,0,1893.98,0,300,0.75425,0.01378,0,0,0.23197,0,0,0,0,0,0,0,0,0,0,0,0,0,0,0,0,0,0,0,0,0,0,0,0,0,0,0,0,0
-0,0,1893.98,0,300,0.75425,0.01378,0,0,0.23197,0,0,0,0,0,0,0,0,0,0,0,0,0,0,0,0,0,0,0,0,0,0,0,0,0,0,0,0,0
-0,0,1893.98,0,300,0.75425,0.01378,0,0,0.23197,0,0,0,0,0,0,0,0,0,0,0,0,0,0,0,0,0,0,0,0,0,0,0,0,0,0,0,0,0
-0,0,1893.98,0,300,0.75425,0.01378,0,0,0.23197,0,0,0,0,0,0,0,0,0,0,0,0,0,0,0,0,0,0,0,0,0,0,0,0,0,0,0,0,0
-0,0,1893.98,0,300,0.75425,0.01378,0,0,0.23197,0,0,0,0,0,0,0,0,0,0,0,0,0,0,0,0,0,0,0,0,0,0,0,0,0,0,0,0,0
-0,0,1893.98,0,300,0.75425,0.01378,0,0,0.23197,0,0,0,0,0,0,0,0,0,0,0,0,0,0,0,0,0,0,0,0,0,0,0,0,0,0,0,0,0
-0,0,1893.98,0,300,0.75425,0.01378,0,0,0.23197,0,0,0,0,0,0,0,0,0,0,0,0,0,0,0,0,0,0,0,0,0,0,0,0,0,0,0,0,0
-0,0,1893.98,0,300,0.75425,0.01378,0,0,0.23197,0,0,0,0,0,0,0,0,0,0,0,0,0,0,0,0,0,0,0,0,0,0,0,0,0,0,0,0,0
-0,0,1893.98,0,300,0.75425,0.01378,0,0,0.23197,0,0,0,0,0,0,0,0,0,0,0,0,0,0,0,0,0,0,0,0,0,0,0,0,0,0,0,0,0
-0,0,1893.98,0,300,0.75425,0.01378,0,0,0.23197,0,0,0,0,0,0,0,0,0,0,0,0,0,0,0,0,0,0,0,0,0,0,0,0,0,0,0,0,0
-0,0,1893.98,0,300,0.75425,0.01378,0,0,0.23197,0,0,0,0,0,0,0,0,0,0,0,0,0,0,0,0,0,0,0,0,0,0,0,0,0,0,0,0,0
-0,0,1893.98,0,300,0.75425,0.01378,0,0,0.23197,0,0,0,0,0,0,0,0,0,0,0,0,0,0,0,0,0,0,0,0,0,0,0,0,0,0,0,0,0
-0,0,1893.98,0,300,0.75425,0.01378,0,0,0.23197,0,0,0,0,0,0,0,0,0,0,0,0,0,0,0,0,0,0,0,0,0,0,0,0,0,0,0,0,0
-0,0,1893.98,0,300,0.75425,0.01378,0,0,0.23197,0,0,0,0,0,0,0,0,0,0,0,0,0,0,0,0,0,0,0,0,0,0,0,0,0,0,0,0,0
-0,0,1893.98,0,300,0.75425,0.01378,0,0,0.23197,0,0,0,0,0,0,0,0,0,0,0,0,0,0,0,0,0,0,0,0,0,0,0,0,0,0,0,0,0
-0,0,1893.98,0,300,0.75425,0.01378,0,0,0.23197,0,0,0,0,0,0,0,0,0,0,0,0,0,0,0,0,0,0,0,0,0,0,0,0,0,0,0,0,0
-0,0,1893.98,0,300,0.75425,0.01378,0,0,0.23197,0,0,0,0,0,0,0,0,0,0,0,0,0,0,0,0,0,0,0,0,0,0,0,0,0,0,0,0,0
-0,0,1893.98,0,300,0.75425,0.01378,0,0,0.23197,0,0,0,0,0,0,0,0,0,0,0,0,0,0,0,0,0,0,0,0,0,0,0,0,0,0,0,0,0
-0,0,1893.98,0,300,0.75425,0.01378,0,0,0.23197,0,0,0,0,0,0,0,0,0,0,0,0,0,0,0,0,0,0,0,0,0,0,0,0,0,0,0,0,0
-0,0,1893.98,0,300,0.75425,0.01378,0,0,0.23197,0,0,0,0,0,0,0,0,0,0,0,0,0,0,0,0,0,0,0,0,0,0,0,0,0,0,0,0,0
-0,0,1893.98,0,300,0.75425,0.01378,0,0,0.23197,0,0,0,0,0,0,0,0,0,0,0,0,0,0,0,0,0,0,0,0,0,0,0,0,0,0,0,0,0
-0,0,1893.98,0,300,0.75425,0.01378,0,0,0.23197,0,0,0,0,0,0,0,0,0,0,0,0,0,0,0,0,0,0,0,0,0,0,0,0,0,0,0,0,0
-0,0,1893.98,0,300,0.75425,0.01378,0,0,0.23197,0,0,0,0,0,0,0,0,0,0,0,0,0,0,0,0,0,0,0,0,0,0,0,0,0,0,0,0,0
-0,0,1893.98,0,300,0.75425,0.01378,0,0,0.23197,0,0,0,0,0,0,0,0,0,0,0,0,0,0,0,0,0,0,0,0,0,0,0,0,0,0,0,0,0
-0,0,1893.98,0,300,0.75425,0.01378,0,0,0.23197,0,0,0,0,0,0,0,0,0,0,0,0,0,0,0,0,0,0,0,0,0,0,0,0,0,0,0,0,0
-0,0,1893.98,0,300,0.75425,0.01378,0,0,0.23197,0,0,0,0,0,0,0,0,0,0,0,0,0,0,0,0,0,0,0,0,0,0,0,0,0,0,0,0,0
-0,0,1893.98,0,300,0.75425,0.01378,0,0,0.23197,0,0,0,0,0,0,0,0,0,0,0,0,0,0,0,0,0,0,0,0,0,0,0,0,0,0,0,0,0
-0,0,1893.98,0,300,0.75425,0.01378,0,0,0.23197,0,0,0,0,0,0,0,0,0,0,0,0,0,0,0,0,0,0,0,0,0,0,0,0,0,0,0,0,0
-0,0,1893.98,0,300,0.75425,0.01378,0,0,0.23197,0,0,0,0,0,0,0,0,0,0,0,0,0,0,0,0,0,0,0,0,0,0,0,0,0,0,0,0,0
-0,0,1893.98,0,300,0.75425,0.01378,0,0,0.23197,0,0,0,0,0,0,0,0,0,0,0,0,0,0,0,0,0,0,0,0,0,0,0,0,0,0,0,0,0
-0,0,1893.98,0,300,0.75425,0.01378,0,0,0.23197,0,0,0,0,0,0,0,0,0,0,0,0,0,0,0,0,0,0,0,0,0,0,0,0,0,0,0,0,0
-0,0,1893.98,0,300,0.75425,0.01378,0,0,0.23197,0,0,0,0,0,0,0,0,0,0,0,0,0,0,0,0,0,0,0,0,0,0,0,0,0,0,0,0,0
-0,0,1893.98,0,300,0.75425,0.01378,0,0,0.23197,0,0,0,0,0,0,0,0,0,0,0,0,0,0,0,0,0,0,0,0,0,0,0,0,0,0,0,0,0
-0,0,1893.98,0,300,0.75425,0.01378,0,0,0.23197,0,0,0,0,0,0,0,0,0,0,0,0,0,0,0,0,0,0,0,0,0,0,0,0,0,0,0,0,0
-0,0,1893.98,0,300,0.75425,0.01378,0,0,0.23197,0,0,0,0,0,0,0,0,0,0,0,0,0,0,0,0,0,0,0,0,0,0,0,0,0,0,0,0,0
-0,0,1893.98,0,300,0.75425,0.01378,0,0,0.23197,0,0,0,0,0,0,0,0,0,0,0,0,0,0,0,0,0,0,0,0,0,0,0,0,0,0,0,0,0
-0,0,1893.98,0,300,0.75425,0.01378,0,0,0.23197,0,0,0,0,0,0,0,0,0,0,0,0,0,0,0,0,0,0,0,0,0,0,0,0,0,0,0,0,0
-0,0,1893.98,0,300,0.75425,0.01378,0,0,0.23197,0,0,0,0,0,0,0,0,0,0,0,0,0,0,0,0,0,0,0,0,0,0,0,0,0,0,0,0,0
-0,0,1893.98,0,300,0.75425,0.01378,0,0,0.23197,0,0,0,0,0,0,0,0,0,0,0,0,0,0,0,0,0,0,0,0,0,0,0,0,0,0,0,0,0
-0,0,1893.98,0,300,0.75425,0.01378,0,0,0.23197,0,0,0,0,0,0,0,0,0,0,0,0,0,0,0,0,0,0,0,0,0,0,0,0,0,0,0,0,0
-0,0,1893.98,0,300,0.75425,0.01378,0,0,0.23197,0,0,0,0,0,0,0,0,0,0,0,0,0,0,0,0,0,0,0,0,0,0,0,0,0,0,0,0,0
-0,0,1893.98,0,300,0.75425,0.01378,0,0,0.23197,0,0,0,0,0,0,0,0,0,0,0,0,0,0,0,0,0,0,0,0,0,0,0,0,0,0,0,0,0
-0,0,1893.98,0,300,0.75425,0.01378,0,0,0.23197,0,0,0,0,0,0,0,0,0,0,0,0,0,0,0,0,0,0,0,0,0,0,0,0,0,0,0,0,0
-0,0,1893.98,0,300,0.75425,0.01378,0,0,0.23197,0,0,0,0,0,0,0,0,0,0,0,0,0,0,0,0,0,0,0,0,0,0,0,0,0,0,0,0,0
-0,0,1893.98,0,300,0.75425,0.01378,0,0,0.23197,0,0,0,0,0,0,0,0,0,0,0,0,0,0,0,0,0,0,0,0,0,0,0,0,0,0,0,0,0
-0,0,1893.98,0,300,0.75425,0.01378,0,0,0.23197,0,0,0,0,0,0,0,0,0,0,0,0,0,0,0,0,0,0,0,0,0,0,0,0,0,0,0,0,0
-0,0,1893.98,0,300,0.75425,0.01378,0,0,0.23197,0,0,0,0,0,0,0,0,0,0,0,0,0,0,0,0,0,0,0,0,0,0,0,0,0,0,0,0,0
-0,0,1893.98,0,300,0.75425,0.01378,0,0,0.23197,0,0,0,0,0,0,0,0,0,0,0,0,0,0,0,0,0,0,0,0,0,0,0,0,0,0,0,0,0
-0,0,1893.98,0,300,0.75425,0.01378,0,0,0.23197,0,0,0,0,0,0,0,0,0,0,0,0,0,0,0,0,0,0,0,0,0,0,0,0,0,0,0,0,0
-0,0,1893.98,0,300,0.75425,0.01378,0,0,0.23197,0,0,0,0,0,0,0,0,0,0,0,0,0,0,0,0,0,0,0,0,0,0,0,0,0,0,0,0,0
-0,0,1893.98,0,300,0.75425,0.01378,0,0,0.23197,0,0,0,0,0,0,0,0,0,0,0,0,0,0,0,0,0,0,0,0,0,0,0,0,0,0,0,0,0
-0,0,1893.98,0,300,0.75425,0.01378,0,0,0.23197,0,0,0,0,0,0,0,0,0,0,0,0,0,0,0,0,0,0,0,0,0,0,0,0,0,0,0,0,0
-0,0,1893.98,0,300,0.75425,0.01378,0,0,0.23197,0,0,0,0,0,0,0,0,0,0,0,0,0,0,0,0,0,0,0,0,0,0,0,0,0,0,0,0,0
-0,0,1893.98,0,300,0.75425,0.01378,0,0,0.23197,0,0,0,0,0,0,0,0,0,0,0,0,0,0,0,0,0,0,0,0,0,0,0,0,0,0,0,0,0
-0,0,1893.98,0,300,0.75425,0.01378,0,0,0.23197,0,0,0,0,0,0,0,0,0,0,0,0,0,0,0,0,0,0,0,0,0,0,0,0,0,0,0,0,0
-0,0,1893.98,0,300,0.75425,0.01378,0,0,0.23197,0,0,0,0,0,0,0,0,0,0,0,0,0,0,0,0,0,0,0,0,0,0,0,0,0,0,0,0,0
-0,0,1893.98,0,300,0.75425,0.01378,0,0,0.23197,0,0,0,0,0,0,0,0,0,0,0,0,0,0,0,0,0,0,0,0,0,0,0,0,0,0,0,0,0
-0,0,1893.98,0,300,0.75425,0.01378,0,0,0.23197,0,0,0,0,0,0,0,0,0,0,0,0,0,0,0,0,0,0,0,0,0,0,0,0,0,0,0,0,0
-0,0,1893.98,0,300,0.75425,0.01378,0,0,0.23197,0,0,0,0,0,0,0,0,0,0,0,0,0,0,0,0,0,0,0,0,0,0,0,0,0,0,0,0,0
-0,0,1893.98,0,300,0.75425,0.01378,0,0,0.23197,0,0,0,0,0,0,0,0,0,0,0,0,0,0,0,0,0,0,0,0,0,0,0,0,0,0,0,0,0
-0,0,1893.98,0,300,0.75425,0.01378,0,0,0.23197,0,0,0,0,0,0,0,0,0,0,0,0,0,0,0,0,0,0,0,0,0,0,0,0,0,0,0,0,0
-0,0,1893.98,0,300,0.75425,0.01378,0,0,0.23197,0,0,0,0,0,0,0,0,0,0,0,0,0,0,0,0,0,0,0,0,0,0,0,0,0,0,0,0,0
-0,0,1893.98,0,300,0.75425,0.01378,0,0,0.23197,0,0,0,0,0,0,0,0,0,0,0,0,0,0,0,0,0,0,0,0,0,0,0,0,0,0,0,0,0
-0,0,1893.98,0,300,0.75425,0.01378,0,0,0.23197,0,0,0,0,0,0,0,0,0,0,0,0,0,0,0,0,0,0,0,0,0,0,0,0,0,0,0,0,0
-0,0,1893.98,0,300,0.75425,0.01378,0,0,0.23197,0,0,0,0,0,0,0,0,0,0,0,0,0,0,0,0,0,0,0,0,0,0,0,0,0,0,0,0,0
-0,0,1893.98,0,300,0.75425,0.01378,0,0,0.23197,0,0,0,0,0,0,0,0,0,0,0,0,0,0,0,0,0,0,0,0,0,0,0,0,0,0,0,0,0
-0,0,1893.98,0,300,0.75425,0.01378,0,0,0.23197,0,0,0,0,0,0,0,0,0,0,0,0,0,0,0,0,0,0,0,0,0,0,0,0,0,0,0,0,0
-0,0,1893.98,0,300,0.75425,0.01378,0,0,0.23197,0,0,0,0,0,0,0,0,0,0,0,0,0,0,0,0,0,0,0,0,0,0,0,0,0,0,0,0,0
-0,0,1893.98,0,300,0.75425,0.01378,0,0,0.23197,0,0,0,0,0,0,0,0,0,0,0,0,0,0,0,0,0,0,0,0,0,0,0,0,0,0,0,0,0
-0,0,1893.98,0,300,0.75425,0.01378,0,0,0.23197,0,0,0,0,0,0,0,0,0,0,0,0,0,0,0,0,0,0,0,0,0,0,0,0,0,0,0,0,0
-0,0,1893.98,0,300,0.75425,0.01378,0,0,0.23197,0,0,0,0,0,0,0,0,0,0,0,0,0,0,0,0,0,0,0,0,0,0,0,0,0,0,0,0,0
-0,0,1893.98,0,300,0.75425,0.01378,0,0,0.23197,0,0,0,0,0,0,0,0,0,0,0,0,0,0,0,0,0,0,0,0,0,0,0,0,0,0,0,0,0
-0,0,1893.98,0,300,0.75425,0.01378,0,0,0.23197,0,0,0,0,0,0,0,0,0,0,0,0,0,0,0,0,0,0,0,0,0,0,0,0,0,0,0,0,0
-0,0,1893.98,0,300,0.75425,0.01378,0,0,0.23197,0,0,0,0,0,0,0,0,0,0,0,0,0,0,0,0,0,0,0,0,0,0,0,0,0,0,0,0,0
-0,0,1893.98,0,300,0.75425,0.01378,0,0,0.23197,0,0,0,0,0,0,0,0,0,0,0,0,0,0,0,0,0,0,0,0,0,0,0,0,0,0,0,0,0
-0,0,1893.98,0,300,0.75425,0.01378,0,0,0.23197,0,0,0,0,0,0,0,0,0,0,0,0,0,0,0,0,0,0,0,0,0,0,0,0,0,0,0,0,0
-0,0,1893.98,0,300,0.75425,0.01378,0,0,0.23197,0,0,0,0,0,0,0,0,0,0,0,0,0,0,0,0,0,0,0,0,0,0,0,0,0,0,0,0,0
-0,0,1893.98,0,300,0.75425,0.01378,0,0,0.23197,0,0,0,0,0,0,0,0,0,0,0,0,0,0,0,0,0,0,0,0,0,0,0,0,0,0,0,0,0
-0,0,1893.98,0,300,0.75425,0.01378,0,0,0.23197,0,0,0,0,0,0,0,0,0,0,0,0,0,0,0,0,0,0,0,0,0,0,0,0,0,0,0,0,0
-0,0,1893.98,0,300,0.75425,0.01378,0,0,0.23197,0,0,0,0,0,0,0,0,0,0,0,0,0,0,0,0,0,0,0,0,0,0,0,0,0,0,0,0,0
-0,0,1893.98,0,300,0.75425,0.01378,0,0,0.23197,0,0,0,0,0,0,0,0,0,0,0,0,0,0,0,0,0,0,0,0,0,0,0,0,0,0,0,0,0
-0,0,1893.98,0,300,0.75425,0.01378,0,0,0.23197,0,0,0,0,0,0,0,0,0,0,0,0,0,0,0,0,0,0,0,0,0,0,0,0,0,0,0,0,0
-0,0,1893.98,0,300,0.75425,0.01378,0,0,0.23197,0,0,0,0,0,0,0,0,0,0,0,0,0,0,0,0,0,0,0,0,0,0,0,0,0,0,0,0,0
-0,0,1893.98,0,300,0.75425,0.01378,0,0,0.23197,0,0,0,0,0,0,0,0,0,0,0,0,0,0,0,0,0,0,0,0,0,0,0,0,0,0,0,0,0
-0,0,1893.98,0,300,0.75425,0.01378,0,0,0.23197,0,0,0,0,0,0,0,0,0,0,0,0,0,0,0,0,0,0,0,0,0,0,0,0,0,0,0,0,0
-0,0,1893.98,0,300,0.75425,0.01378,0,0,0.23197,0,0,0,0,0,0,0,0,0,0,0,0,0,0,0,0,0,0,0,0,0,0,0,0,0,0,0,0,0
-0,0,1893.98,0,300,0.75425,0.01378,0,0,0.23197,0,0,0,0,0,0,0,0,0,0,0,0,0,0,0,0,0,0,0,0,0,0,0,0,0,0,0,0,0
-0,0,1893.98,0,300,0.75425,0.01378,0,0,0.23197,0,0,0,0,0,0,0,0,0,0,0,0,0,0,0,0,0,0,0,0,0,0,0,0,0,0,0,0,0
-0,0,1893.98,0,300,0.75425,0.01378,0,0,0.23197,0,0,0,0,0,0,0,0,0,0,0,0,0,0,0,0,0,0,0,0,0,0,0,0,0,0,0,0,0
-0,0,1893.98,0,300,0.75425,0.01378,0,0,0.23197,0,0,0,0,0,0,0,0,0,0,0,0,0,0,0,0,0,0,0,0,0,0,0,0,0,0,0,0,0
-0,0,1893.98,0,300,0.75425,0.01378,0,0,0.23197,0,0,0,0,0,0,0,0,0,0,0,0,0,0,0,0,0,0,0,0,0,0,0,0,0,0,0,0,0
-0,0,1893.98,0,300,0.75425,0.01378,0,0,0.23197,0,0,0,0,0,0,0,0,0,0,0,0,0,0,0,0,0,0,0,0,0,0,0,0,0,0,0,0,0
-0,0,1893.98,0,300,0.75425,0.01378,0,0,0.23197,0,0,0,0,0,0,0,0,0,0,0,0,0,0,0,0,0,0,0,0,0,0,0,0,0,0,0,0,0
-0,0,1893.98,0,300,0.75425,0.01378,0,0,0.23197,0,0,0,0,0,0,0,0,0,0,0,0,0,0,0,0,0,0,0,0,0,0,0,0,0,0,0,0,0
-0,0,1893.98,0,300,0.75425,0.01378,0,0,0.23197,0,0,0,0,0,0,0,0,0,0,0,0,0,0,0,0,0,0,0,0,0,0,0,0,0,0,0,0,0
-0,0,1893.98,0,300,0.75425,0.01378,0,0,0.23197,0,0,0,0,0,0,0,0,0,0,0,0,0,0,0,0,0,0,0,0,0,0,0,0,0,0,0,0,0
-0,0,1893.98,0,300,0.75425,0.01378,0,0,0.23197,0,0,0,0,0,0,0,0,0,0,0,0,0,0,0,0,0,0,0,0,0,0,0,0,0,0,0,0,0
-0,0,1893.98,0,300,0.75425,0.01378,0,0,0.23197,0,0,0,0,0,0,0,0,0,0,0,0,0,0,0,0,0,0,0,0,0,0,0,0,0,0,0,0,0
-0,0,1893.98,0,300,0.75425,0.01378,0,0,0.23197,0,0,0,0,0,0,0,0,0,0,0,0,0,0,0,0,0,0,0,0,0,0,0,0,0,0,0,0,0
-0,0,1893.98,0,300,0.75425,0.01378,0,0,0.23197,0,0,0,0,0,0,0,0,0,0,0,0,0,0,0,0,0,0,0,0,0,0,0,0,0,0,0,0,0
-0,0,1893.98,0,300,0.75425,0.01378,0,0,0.23197,0,0,0,0,0,0,0,0,0,0,0,0,0,0,0,0,0,0,0,0,0,0,0,0,0,0,0,0,0
-0,0,1893.98,0,300,0.75425,0.01378,0,0,0.23197,0,0,0,0,0,0,0,0,0,0,0,0,0,0,0,0,0,0,0,0,0,0,0,0,0,0,0,0,0
-0,0,1893.98,0,300,0.75425,0.01378,0,0,0.23197,0,0,0,0,0,0,0,0,0,0,0,0,0,0,0,0,0,0,0,0,0,0,0,0,0,0,0,0,0
-0,0,1893.98,0,300,0.75425,0.01378,0,0,0.23197,0,0,0,0,0,0,0,0,0,0,0,0,0,0,0,0,0,0,0,0,0,0,0,0,0,0,0,0,0
-0,0,1893.98,0,300,0.75425,0.01378,0,0,0.23197,0,0,0,0,0,0,0,0,0,0,0,0,0,0,0,0,0,0,0,0,0,0,0,0,0,0,0,0,0
-0,0,1893.98,0,300,0.75425,0.01378,0,0,0.23197,0,0,0,0,0,0,0,0,0,0,0,0,0,0,0,0,0,0,0,0,0,0,0,0,0,0,0,0,0
-0,0,1893.98,0,300,0.75425,0.01378,0,0,0.23197,0,0,0,0,0,0,0,0,0,0,0,0,0,0,0,0,0,0,0,0,0,0,0,0,0,0,0,0,0
-0,0,1893.98,0,300,0.75425,0.01378,0,0,0.23197,0,0,0,0,0,0,0,0,0,0,0,0,0,0,0,0,0,0,0,0,0,0,0,0,0,0,0,0,0
-0,0,1893.98,0,300,0.75425,0.01378,0,0,0.23197,0,0,0,0,0,0,0,0,0,0,0,0,0,0,0,0,0,0,0,0,0,0,0,0,0,0,0,0,0
-0,0,1893.98,0,300,0.75425,0.01378,0,0,0.23197,0,0,0,0,0,0,0,0,0,0,0,0,0,0,0,0,0,0,0,0,0,0,0,0,0,0,0,0,0
-0,0,1893.98,0,300,0.75425,0.01378,0,0,0.23197,0,0,0,0,0,0,0,0,0,0,0,0,0,0,0,0,0,0,0,0,0,0,0,0,0,0,0,0,0
-0,0,1893.98,0,300,0.75425,0.01378,0,0,0.23197,0,0,0,0,0,0,0,0,0,0,0,0,0,0,0,0,0,0,0,0,0,0,0,0,0,0,0,0,0
-0,0,1893.98,0,300,0.75425,0.01378,0,0,0.23197,0,0,0,0,0,0,0,0,0,0,0,0,0,0,0,0,0,0,0,0,0,0,0,0,0,0,0,0,0
-0,0,1893.98,0,300,0.75425,0.01378,0,0,0.23197,0,0,0,0,0,0,0,0,0,0,0,0,0,0,0,0,0,0,0,0,0,0,0,0,0,0,0,0,0
-0,0,1893.98,0,300,0.75425,0.01378,0,0,0.23197,0,0,0,0,0,0,0,0,0,0,0,0,0,0,0,0,0,0,0,0,0,0,0,0,0,0,0,0,0
-0,0,1893.98,0,300,0.75425,0.01378,0,0,0.23197,0,0,0,0,0,0,0,0,0,0,0,0,0,0,0,0,0,0,0,0,0,0,0,0,0,0,0,0,0
-0,0,1893.98,0,300,0.75425,0.01378,0,0,0.23197,0,0,0,0,0,0,0,0,0,0,0,0,0,0,0,0,0,0,0,0,0,0,0,0,0,0,0,0,0
-0,0,1893.98,0,300,0.75425,0.01378,0,0,0.23197,0,0,0,0,0,0,0,0,0,0,0,0,0,0,0,0,0,0,0,0,0,0,0,0,0,0,0,0,0
-0,0,1893.98,0,300,0.75425,0.01378,0,0,0.23197,0,0,0,0,0,0,0,0,0,0,0,0,0,0,0,0,0,0,0,0,0,0,0,0,0,0,0,0,0
-0,0,1893.98,0,300,0.75425,0.01378,0,0,0.23197,0,0,0,0,0,0,0,0,0,0,0,0,0,0,0,0,0,0,0,0,0,0,0,0,0,0,0,0,0
-0,0,1893.98,0,300,0.75425,0.01378,0,0,0.23197,0,0,0,0,0,0,0,0,0,0,0,0,0,0,0,0,0,0,0,0,0,0,0,0,0,0,0,0,0
-0,0,1893.98,0,300,0.75425,0.01378,0,0,0.23197,0,0,0,0,0,0,0,0,0,0,0,0,0,0,0,0,0,0,0,0,0,0,0,0,0,0,0,0,0
-0,0,1893.98,0,300,0.75425,0.01378,0,0,0.23197,0,0,0,0,0,0,0,0,0,0,0,0,0,0,0,0,0,0,0,0,0,0,0,0,0,0,0,0,0
-0,0,1893.98,0,300,0.75425,0.01378,0,0,0.23197,0,0,0,0,0,0,0,0,0,0,0,0,0,0,0,0,0,0,0,0,0,0,0,0,0,0,0,0,0
-0,0,1893.98,0,300,0.75425,0.01378,0,0,0.23197,0,0,0,0,0,0,0,0,0,0,0,0,0,0,0,0,0,0,0,0,0,0,0,0,0,0,0,0,0
-0,0,1893.98,0,300,0.75425,0.01378,0,0,0.23197,0,0,0,0,0,0,0,0,0,0,0,0,0,0,0,0,0,0,0,0,0,0,0,0,0,0,0,0,0
-0,0,1893.98,0,300,0.75425,0.01378,0,0,0.23197,0,0,0,0,0,0,0,0,0,0,0,0,0,0,0,0,0,0,0,0,0,0,0,0,0,0,0,0,0
-0,0,1893.98,0,300,0.75425,0.01378,0,0,0.23197,0,0,0,0,0,0,0,0,0,0,0,0,0,0,0,0,0,0,0,0,0,0,0,0,0,0,0,0,0
-0,0,1893.98,-0,300,0.75425,0.01378,0,0,0.23197,0,0,0,0,0,0,0,0,0,0,0,0,0,0,0,0,0,0,0,0,0,0,0,0,0,0,0,0,0
-0,0,1893.98,0,300,0.75425,0.01378,0,0,0.23197,0,0,0,0,0,0,0,0,0,0,0,0,0,0,0,0,0,0,0,0,0,0,0,0,0,0,0,0,0
-0,0,1893.98,0,300,0.75425,0.01378,0,0,0.23197,0,0,0,0,0,0,0,0,0,0,0,0,0,0,0,0,0,0,0,0,0,0,0,0,0,0,0,0,0
-0,0,1893.98,0,300,0.75425,0.01378,0,0,0.23197,0,0,0,0,0,0,0,0,0,0,0,0,0,0,0,0,0,0,0,0,0,0,0,0,0,0,0,0,0
-0,0,1893.98,0,300,0.75425,0.01378,0,0,0.23197,0,0,0,0,0,0,0,0,0,0,0,0,0,0,0,0,0,0,0,0,0,0,0,0,0,0,0,0,0
-0,0,1893.98,0,300,0.75425,0.01378,0,0,0.23197,0,0,0,0,0,0,0,0,0,0,0,0,0,0,0,0,0,0,0,0,0,0,0,0,0,0,0,0,0
-0,0,1893.98,0,300,0.75425,0.01378,0,0,0.23197,0,0,0,0,0,0,0,0,0,0,0,0,0,0,0,0,0,0,0,0,0,0,0,0,0,0,0,0,0
-0,0,1893.98,0,300,0.75425,0.01378,0,0,0.23197,0,0,0,0,0,0,0,0,0,0,0,0,0,0,0,0,0,0,0,0,0,0,0,0,0,0,0,0,0
-0,0,1893.98,0,300,0.75425,0.01378,0,0,0.23197,0,0,0,0,0,0,0,0,0,0,0,0,0,0,0,0,0,0,0,0,0,0,0,0,0,0,0,0,0
-0,0,1893.98,0,300,0.75425,0.01378,0,0,0.23197,0,0,0,0,0,0,0,0,0,0,0,0,0,0,0,0,0,0,0,0,0,0,0,0,0,0,0,0,0
-0,0,1893.98,0,300,0.75425,0.01378,0,0,0.23197,0,0,0,0,0,0,0,0,0,0,0,0,0,0,0,0,0,0,0,0,0,0,0,0,0,0,0,0,0
-0,0,1893.98,0,300,0.75425,0.01378,0,0,0.23197,0,0,0,0,0,0,0,0,0,0,0,0,0,0,0,0,0,0,0,0,0,0,0,0,0,0,0,0,0
-0,0,1893.98,0,300,0.75425,0.01378,0,0,0.23197,0,0,0,0,0,0,0,0,0,0,0,0,0,0,0,0,0,0,0,0,0,0,0,0,0,0,0,0,0
-0,0,1893.98,0,300,0.75425,0.01378,0,0,0.23197,0,0,0,0,0,0,0,0,0,0,0,0,0,0,0,0,0,0,0,0,0,0,0,0,0,0,0,0,0
-0,0,1893.98,0,300,0.75425,0.01378,0,0,0.23197,0,0,0,0,0,0,0,0,0,0,0,0,0,0,0,0,0,0,0,0,0,0,0,0,0,0,0,0,0
-0,0,1893.98,0,300,0.75425,0.01378,0,0,0.23197,0,0,0,0,0,0,0,0,0,0,0,0,0,0,0,0,0,0,0,0,0,0,0,0,0,0,0,0,0
-0,0,1893.98,0,300,0.75425,0.01378,0,0,0.23197,0,0,0,0,0,0,0,0,0,0,0,0,0,0,0,0,0,0,0,0,0,0,0,0,0,0,0,0,0
-0,0,1893.98,0,300,0.75425,0.01378,0,0,0.23197,0,0,0,0,0,0,0,0,0,0,0,0,0,0,0,0,0,0,0,0,0,0,0,0,0,0,0,0,0
-0,0,1893.98,0,300,0.75425,0.01378,0,0,0.23197,0,0,0,0,0,0,0,0,0,0,0,0,0,0,0,0,0,0,0,0,0,0,0,0,0,0,0,0,0
-0,0,1893.98,0,300,0.75425,0.01378,0,0,0.23197,0,0,0,0,0,0,0,0,0,0,0,0,0,0,0,0,0,0,0,0,0,0,0,0,0,0,0,0,0
-0,0,1893.98,0,300,0.75425,0.01378,0,0,0.23197,0,0,0,0,0,0,0,0,0,0,0,0,0,0,0,0,0,0,0,0,0,0,0,0,0,0,0,0,0
-0,0,1893.98,0,300,0.75425,0.01378,0,0,0.23197,0,0,0,0,0,0,0,0,0,0,0,0,0,0,0,0,0,0,0,0,0,0,0,0,0,0,0,0,0
-0,0,1893.97,0,300,0.75425,0.01378,0,0,0.23197,0,0,0,0,0,0,0,0,0,0,0,0,0,0,0,0,0,0,0,0,0,0,0,0,0,0,0,0,0
-0,0,1893.98,0,300,0.75425,0.01378,0,0,0.23197,0,0,0,0,0,0,0,0,0,0,0,0,0,0,0,0,0,0,0,0,0,0,0,0,0,0,0,0,0
-0,0,1893.98,0,300,0.75425,0.01378,0,0,0.23197,0,0,0,0,0,0,0,0,0,0,0,0,0,0,0,0,0,0,0,0,0,0,0,0,0,0,0,0,0
-0,0,1893.97,0,300,0.75425,0.01378,0,0,0.23197,0,0,0,0,0,0,0,0,0,0,0,0,0,0,0,0,0,0,0,0,0,0,0,0,0,0,0,0,0
-0,0,1893.97,0,300,0.75425,0.01378,0,0,0.23197,0,0,0,0,0,0,0,0,0,0,0,0,0,0,0,0,0,0,0,0,0,0,0,0,0,0,0,0,0
-0,0,1893.97,0,300,0.75425,0.01378,0,0,0.23197,0,0,0,0,0,0,0,0,0,0,0,0,0,0,0,0,0,0,0,0,0,0,0,0,0,0,0,0,0
-0,0,1893.97,0,300,0.75425,0.01378,0,0,0.23197,0,0,0,0,0,0,0,0,0,0,0,0,0,0,0,0,0,0,0,0,0,0,0,0,0,0,0,0,0
-0,0,1893.96,0,300,0.75425,0.01378,0,0,0.23197,0,0,0,0,0,0,0,0,0,0,0,0,0,0,0,0,0,0,0,0,0,0,0,0,0,0,0,0,0
-0,0,1893.96,0,300,0.75425,0.01378,0,0,0.23197,0,0,0,0,0,0,0,0,0,0,0,0,0,0,0,0,0,0,0,0,0,0,0,0,0,0,0,0,0
-0,0,1893.94,0,300,0.75425,0.01378,0,0,0.23197,0,0,0,0,0,0,0,0,0,0,0,0,0,0,0,0,0,0,0,0,0,0,0,0,0,0,0,0,0
-0,0,1893.92,0,300,0.75425,0.01378,0,0,0.23197,0,0,0,0,0,0,0,0,0,0,0,0,0,0,0,0,0,0,0,0,0,0,0,0,0,0,0,0,0
-0,0,1893.9,0,300,0.75425,0.01378,0,0,0.23197,0,0,0,0,0,0,0,0,0,0,0,0,0,0,0,0,0,0,0,0,0,0,0,0,0,0,0,0,0
-0,0,1893.85,0,300,0.75425,0.01378,0,0,0.23197,0,0,0,0,0,0,0,0,0,0,0,0,0,0,0,0,0,0,0,0,0,0,0,0,0,0,0,0,0
-0,0,1893.8,0,300.001,0.75425,0.01378,0,0,0.23197,0,0,0,0,0,0,0,0,0,0,0,0,0,0,0,0,0,0,0,0,0,0,0,0,0,0,0,0,0
0,0,1893.72,0,300.001,0.75425,0.01378,0,0,0.23197,0,0,0,0,0,0,0,0,0,0,0,0,0,0,0,0,0,0,0,0,0,0,0,0,0,0,0,0,0
0,0,1893.6,0,300.002,0.75425,0.01378,0,0,0.23197,0,0,0,0,0,0,0,0,0,0,0,0,0,0,0,0,0,0,0,0,0,0,0,0,0,0,0,0,0
0,0,1893.43,0,300.002,0.75425,0.01378,0,0,0.23197,0,0,0,0,0,0,0,0,0,0,0,0,0,0,0,0,0,0,0,0,0,0,0,0,0,0,0,0,0
0,0,1893.2,0,300.003,0.75425,0.01378,0,0,0.23197,0,0,0,0,0,0,0,0,0,0,0,0,0,0,0,0,0,0,0,0,0,0,0,0,0,0,0,0,0
0,0,1892.86,0,300.004,0.75425,0.01378,0,0,0.23197,0,0,0,0,0,0,0,0,0,0,0,0,0,0,0,0,0,0,0,0,0,0,0,0,0,0,0,0,0
0,1e-06,1892.39,0,300.006,0.75425,0.01378,0,0,0.231969,0,0,0,0,0,0,0,0,0,0,0,0,0,0,0,0,0,0,0,0,0,0,0,0,0,0,0,0,0
0,1e-06,1891.73,0,300.009,0.75425,0.01378,0,0,0.231969,0,0,0,0,0,0,0,0,0,0,0,0,0,0,0,0,0,0,0,0,0,0,0,0,0,0,0,0,0
1e-06,1e-06,1890.8,0,300.012,0.75425,0.01378,0,0,0.231969,0,0,0,1e-06,0,0,1e-06,0,0,0,0,0,0,0,0,0,0,0,0,0,0,0,0,0,0,0,0,0,0
1e-06,2e-06,1889.51,0,300.017,0.754249,0.01378,0,0,0.231968,0,0,0,1e-06,0,1e-06,1e-06,0,0,0,0,0,0,0,0,0,0,0,0,0,0,0,0,0,0,0,0,0,0
1e-06,2e-06,1887.73,0,300.024,0.754249,0.01378,0,0,0.231968,0,0,0,1e-06,0,1e-06,1e-06,0,0,0,0,0,0,0,0,0,0,0,0,0,0,0,0,0,0,0,0,0,0
2e-06,3e-06,1885.27,0,300.034,0.754249,0.01378,0,0,0.231967,0,0,0,2e-06,0,1e-06,2e-06,0,0,0,0,0,0,0,0,0,0,0,0,0,0,0,0,0,0,0,0,0,0
2e-06,5e-06,1881.89,0,300.047,0.754248,0.01378,0,0,0.231966,0,0,0,3e-06,0,1e-06,2e-06,0,0,0,0,0,0,0,0,0,0,0,0,0,0,0,0,0,0,0,0,0,0
3e-06,6e-06,1877.26,9.21579e-07,300.03,0.754247,0.0137799,0,0,0.231966,0,0,2.20604e-08,1.97559e-06,6.45846e-09,1.27742e-06,1.25349e-06,0,1.52817e-10,1.65167e-08,3.11138e-08,0,0,1.24941e-07,2.02715e-10,7.51561e-10,1.5788e-08,6.85398e-09,2.72994e-08,0,1.01465e-10,1.96606e-08,0,9.98369e-08,0,2.12165e-06,8.48981e-10,0,0
4e-06,9e-06,1870.96,1.22872e-06,300.041,0.754246,0.0137799,0,0,0.231965,0,0,2.94125e-08,2.634e-06,8.61085e-09,1.70315e-06,1.67124e-06,0,2.03747e-10,2.20212e-08,4.14833e-08,0,0,1.66581e-07,2.70271e-10,1.00203e-09,2.10498e-08,9.13824e-09,3.63976e-08,0,1.35281e-10,2.62129e-08,0,1.3311e-07,0,2.82877e-06,1.1319e-09,0,0
6e-06,1.2e-05,1862.43,1.84294e-06,300.061,0.754244,0.0137799,0,0,0.231963,0,0,4.41148e-08,3.95061e-06,1.2915e-08,2.55448e-06,2.50661e-06,0,3.05595e-10,3.30289e-08,6.22196e-08,0,0,2.4985e-07,4.05357e-10,1.50289e-09,3.1572e-08,1.37062e-08,5.45914e-08,0,2.02905e-10,3.93161e-08,0,1.99649e-07,0,4.24286e-06,1.69764e-09,0,0
8e-06,1.6e-05,1850.9,2.45706e-06,300.081,0.754241,0.0137798,0,0,0.23196,0,0,5.88145e-08,5.26696e-06,1.72183e-08,3.40564e-06,3.34181e-06,0,4.07425e-10,4.40345e-08,8.29523e-08,0,0,3.33105e-07,5.40412e-10,2.00364e-09,4.20925e-08,1.82734e-08,7.27819e-08,0,2.70516e-10,5.24169e-08,0,2.66176e-07,0,5.65675e-06,2.26324e-09,0,0
1.1e-05,2.2e-05,1835.42,3.37806e-06,300.112,0.754238,0.0137798,0,0,0.231956,0,0,8.0859e-08,7.24102e-06,2.36717e-08,4.68208e-06,4.5943e-06,0,5.60137e-10,6.05392e-08,1.14045e-07,0,0,4.57961e-07,7.42932e-10,2.75457e-09,5.787e-08,2.51226e-08,1.00062e-07,0,3.71913e-10,7.2064e-08,0,3.65946e-07,0,7.77723e-06,3.11136e-09,0,0
1.6e-05,3e-05,1814.68,4.91257e-06,300.162,0.754233,0.0137797,0,0,0.23195,0,0,1.17587e-07,1.05298e-05,3.44231e-08,6.80866e-06,6.68096e-06,0,8.14571e-10,8.80369e-08,1.65847e-07,0,0,6.65983e-07,1.08031e-09,4.0056e-09,8.41572e-08,3.65342e-08,1.45511e-07,0,5.4085e-10,1.04798e-07,0,5.32173e-07,0,1.13104e-05,4.5242e-09,0,0
2.1e-05,3.9e-05,1787.06,6.44648e-06,300.213,0.754227,0.0137796,0,0,0.231944,0,0,1.54298e-07,1.3817e-05,4.51692e-08,8.93421e-06,8.76657e-06,0,1.0689e-09,1.15522e-07,2.17628e-07,0,0,8.73918e-07,1.41748e-09,5.25598e-09,1.10433e-07,4.79409e-08,1.9094e-07,0,7.09716e-10,1.37518e-07,0,6.98331e-07,0,1.48423e-05,5.93614e-09,0,0
2.8e-05,5.3e-05,1750.41,8.59294e-06,300.284,0.75422,0.0137794,0,0,0.231935,0,0,2.05666e-07,1.84164e-05,6.02048e-08,1.19083e-05,1.16847e-05,0,1.42477e-09,1.53981e-07,2.90083e-07,0,0,1.16488e-06,1.88918e-09,7.00542e-09,1.47202e-07,6.39021e-08,2.54507e-07,0,9.46008e-10,1.83302e-07,0,9.30836e-07,0,1.97849e-05,7.91137e-09,0,0
3.8e-05,7e-05,1701.98,1.16573e-05,300.385,0.754209,0.0137793,0,0,0.231923,0,0,2.78994e-07,2.49816e-05,8.16664e-08,1.61534e-05,1.58499e-05,0,1.93279e-09,2.08879e-07,3.93514e-07,0,0,1.58024e-06,2.56235e-09,9.5024e-09,1.99691e-07,8.66872e-08,3.45246e-07,0,1.28333e-09,2.48661e-07,0,1.26275e-06,0,2.68417e-05,1.07301e-08,0,0
5e-05,9.2e-05,1638.25,1.53313e-05,300.507,0.754196,0.013779,0,0,0.231908,0,0,3.669e-07,3.28514e-05,1.07393e-07,2.12423e-05,2.08427e-05,0,2.54185e-09,2.74692e-07,5.17514e-07,0,0,2.0782e-06,3.36909e-09,1.24953e-08,2.62622e-07,1.14004e-07,4.54025e-07,0,1.68773e-09,3.27019e-07,0,1.66068e-06,0,3.53035e-05,1.4108e-08,0,0
6.6e-05,0.00012,1554.78,2.02246e-05,300.668,0.754179,0.0137787,0,0,0.231889,0,0,4.83962e-07,4.33302e-05,1.41647e-07,2.80183e-05,2.74905e-05,0,3.35296e-09,3.62331e-07,6.8265e-07,0,0,2.74138e-06,4.44295e-09,1.64801e-08,3.46432e-07,1.50383e-07,5.98881e-07,0,2.22631e-09,4.31371e-07,0,2.19063e-06,0,4.65749e-05,1.86038e-08,0,0
8.8e-05,0.000157,1445.88,2.6943e-05,300.89,0.754156,0.0137783,0,0,0.231862,0,0,6.44651e-07,5.77121e-05,1.8866e-07,3.73184e-05,3.66141e-05,0,4.46644e-09,4.82628e-07,9.09342e-07,0,0,3.65178e-06,5.91617e-09,2.19484e-08,4.61491e-07,2.00323e-07,7.9772e-07,0,2.96567e-09,5.74623e-07,0,2.91817e-06,0,6.20531e-05,2.4771e-08,0,0
0.000115,0.000204,1304.46,3.51725e-05,301.161,0.754127,0.0137777,0,0,0.231828,0,0,8.41433e-07,7.53209e-05,2.4622e-07,4.87055e-05,4.77842e-05,0,5.83016e-09,6.29941e-07,1.18697e-06,0,0,4.76681e-06,7.71894e-09,2.86425e-08,6.02417e-07,2.61486e-07,1.04121e-06,0,3.87121e-09,7.5007e-07,0,3.80925e-06,0,8.10173e-05,3.23166e-08,0,0
0.000151,0.000263,1121.58,4.61186e-05,301.522,0.754088,0.013777,0,0,0.231784,0,0,1.10308e-06,9.87284e-05,3.22732e-07,6.38428e-05,6.26316e-05,0,7.64364e-09,8.25806e-07,1.55616e-06,0,0,6.2496e-06,1.01137e-08,3.7539e-08,7.89836e-07,3.42821e-07,1.36496e-06,0,5.07543e-09,9.83378e-07,0,4.99428e-06,0,0.000106249,4.2338e-08,0,0
0.000197,0.000338,886.136,6.00611e-05,301.981,0.75404,0.0137762,0,0,0.231728,0,0,1.4362e-06,0.000128521,4.2011e-07,8.31101e-05,8.15272e-05,0,9.95293e-09,1.07516e-06,2.02627e-06,0,0,8.13784e-06,1.31588e-08,4.8859e-08,1.02852e-06,4.46393e-07,1.77714e-06,0,6.60894e-09,1.28047e-06,0,6.50339e-06,0,0.0001384,5.50781e-08,0,0
0.000256,0.000432,584.376,7.78725e-05,302.567,0.753977,0.013775,0,0,0.231657,0,0,1.86151e-06,0.000166543,5.4438e-07,0.000107701,0.000105639,0,1.29019e-08,1.39351e-06,2.62658e-06,0,0,1.05492e-05,1.70403e-08,6.33004e-08,1.33337e-06,5.78657e-07,2.30336e-06,0,8.56734e-09,1.65987e-06,0,8.43073e-06,0,0.000179494,7.13127e-08,0,0
0.000332,0.000548,199.386,0.000100699,303.317,0.753897,0.0137736,0,0,0.231565,0,0,2.40618e-06,0.000215209,7.03429e-07,0.000139178,0.000136497,0,1.66796e-08,1.80116e-06,3.39553e-06,0,0,1.36384e-05,2.20009e-08,8.17759e-08,1.72394e-06,7.48085e-07,2.97722e-06,0,1.10761e-08,2.14587e-06,0,1.08999e-05,0,0.000232193,9.20519e-08,0,0
0.000427,0.000692,-289.451,0.000129051,304.246,0.753798,0.0137717,0,0,0.231452,0,0,3.08205e-06,0.000275557,9.00641e-07,0.000178214,0.000174754,0,2.13688e-08,2.30695e-06,4.34998e-06,0,0,1.74732e-05,2.81401e-08,1.04672e-07,2.20888e-06,9.58399e-07,3.81334e-06,0,1.41906e-08,2.74915e-06,0,1.39654e-05,0,0.000297701,1.17706e-07,0,0
0.000548,0.000868,-907.096,0.000164878,305.418,0.753673,0.0137695,0,0,0.231309,0,0,3.93508e-06,0.00035166,1.14931e-06,0.000227446,0.000222986,0,2.72897e-08,2.94524e-06,5.55505e-06,0,0,2.23157e-05,3.58624e-08,1.33524e-07,2.82138e-06,1.22396e-06,4.86852e-06,0,1.81233e-08,3.51089e-06,0,1.78369e-05,0,0.000380565,1.49955e-07,0,0
0.0007,0.001082,-1683.51,0.000209443,306.871,0.753517,0.0137666,0,0,0.231131,0,0,4.99456e-06,0.00044608,1.45778e-06,0.000288537,0.000282809,0,3.46475e-08,3.73788e-06,7.05248e-06,0,0,2.83343e-05,4.54128e-08,1.69285e-07,3.58284e-06,1.55398e-06,6.17895e-06,0,2.30109e-08,4.45754e-06,0,2.26494e-05,0,0.000483776,1.89808e-07,0,0
0.00089,0.001341,-2654.31,0.000264488,308.659,0.753325,0.0137631,0,0,0.230912,0,0,6.30064e-06,0.000562318,1.83748e-06,0.000363758,0.000356427,0,4.37238e-08,4.71479e-06,8.8995e-06,0,0,3.57598e-05,5.71223e-08,2.13256e-07,4.52261e-06,1.96111e-06,7.79415e-06,0,2.90407e-08,5.62535e-06,0,2.85879e-05,0,0.000611461,2.38621e-07,0,0
0.001126,0.001651,-3861.35,0.000331879,310.837,0.753089,0.0137588,0,0,0.230645,0,0,7.89582e-06,0.000704046,2.30033e-06,0.000455494,0.000446143,0,5.48179e-08,5.90763e-06,1.1157e-05,0,0,4.48384e-05,7.1326e-08,2.66786e-07,5.67208e-06,2.4588e-06,9.76652e-06,0,3.64117e-08,7.0529e-06,0,3.585e-05,0,0.000768103,2.97762e-07,0,0
0.001419,0.002019,-5353.27,0.00041412,313.48,0.752802,0.0137536,0,0,0.23032,0,0,9.8366e-06,0.000876115,2.86211e-06,0.000566899,0.000554997,0,6.83281e-08,7.35842e-06,1.3906e-05,0,0,5.58983e-05,8.84584e-08,3.31653e-07,7.07313e-06,3.065e-06,1.21657e-05,0,4.53891e-08,8.79164e-06,0,4.46994e-05,0,0.000959736,3.68992e-07,0,0
0.001777,0.002453,-7185.94,0.000512604,316.62,0.752459,0.0137473,0,0,0.229933,0,0,1.21519e-05,0.00108086,3.53033e-06,0.000699502,0.000684421,0,8.44633e-08,9.08849e-06,1.71892e-05,0,0,6.91136e-05,1.08677e-07,4.08653e-07,8.74831e-06,3.78921e-06,1.50271e-05,0,5.61116e-08,1.08688e-05,0,5.52771e-05,0,0.00118992,4.52904e-07,0,0
0.002215,0.002959,-9422.54,0.000630348,320.341,0.75205,0.0137398,0,0,0.229473,0,0,1.49071e-05,0.0013237,4.3226e-06,0.000856853,0.000837788,0,1.03687e-07,1.11462e-05,2.11014e-05,0,0,8.48702e-05,1.32414e-07,4.9972e-07,1.07472e-05,4.65246e-06,1.8431e-05,0,6.88875e-08,1.33445e-05,0,6.78941e-05,0,0.00146612,5.51207e-07,0,0
0.002746,0.003546,-12133.6,0.000769431,324.685,0.751567,0.013731,0,0,0.228935,0,0,1.81428e-05,0.00160779,5.2489e-06,0.00104102,0.00101699,0,1.26295e-07,1.35612e-05,2.57035e-05,0,0,0.000103419,1.59823e-07,6.05873e-07,1.31026e-05,5.66844e-06,2.2427e-05,0,8.39116e-08,1.6258e-05,0,8.27547e-05,0,0.00179383,6.64441e-07,0,0
0.003384,0.004218,-15396.7,0.000931855,329.689,0.751004,0.0137207,0,0,0.228312,0,0,2.18948e-05,0.00193563,6.3172e-06,0.00125368,0.00122349,0,1.52547e-07,1.63595e-05,3.10506e-05,0,0,0.00012499,1.90948e-07,7.27851e-07,1.58448e-05,6.84956e-06,2.70585e-05,0,1.01355e-07,1.96446e-05,0,0.000100047,0,0.00217853,7.92654e-07,0,0
0.004147,0.004983,-19295.7,0.00112032,335.398,0.750353,0.0137088,0,0,0.227597,0,0,2.62109e-05,0.0023106,7.5381e-06,0.00149709,0.00145928,0,1.82787e-07,1.95755e-05,3.7216e-05,0,0,0.00014989,2.25836e-07,8.66642e-07,1.90144e-05,8.21246e-06,3.23832e-05,0,1.21439e-07,2.35516e-05,0,0.000120021,0,0.00262761,9.3591e-07,0,0
0.005053,0.005845,-23919.9,0.00133726,341.837,0.749607,0.0136952,0,0,0.226786,0,0,3.11275e-05,0.00273483,8.9181e-06,0.00177273,0.00172549,0,2.17276e-07,2.32351e-05,4.42589e-05,0,0,0.00017837,2.64329e-07,1.0227e-06,2.26457e-05,9.7708e-06,3.8445e-05,0,1.44327e-07,2.80175e-05,0,0.000142886,0,0.00314817,1.09342e-06,0,0
0.006118,0.006807,-29363,0.00158461,349.003,0.74876,0.0136797,0,0,0.225877,0,0,3.66638e-05,0.0032087,1.04578e-05,0.00208094,0.00202212,0,2.56142e-07,2.73505e-05,5.2215e-05,0,0,0.000210592,3.0601e-07,1.19577e-06,2.67616e-05,1.15333e-05,4.52658e-05,0,1.70083e-07,3.30663e-05,0,0.000168781,0,0.00374636,1.26337e-06,0,0
0.007362,0.007873,-35721.5,0.00186545,356.912,0.747803,0.0136622,0,0,0.224864,0,0,4.2858e-05,0.00373394,1.21622e-05,0.00242297,0.00234999,0,2.99629e-07,3.19479e-05,6.11492e-05,0,0,0.000246839,3.50477e-07,1.38602e-06,3.14015e-05,1.35153e-05,5.28908e-05,0,1.98837e-07,3.87405e-05,0,0.000197942,0,0.00443143,1.44405e-06,0,0
0.008805,0.009042,-43093.6,0.00218334,365.574,0.746726,0.0136426,0,0,0.223742,0,0,4.97495e-05,0.00431212,1.40354e-05,0.00280001,0.00270972,0,3.47963e-07,3.7054e-05,7.11304e-05,0,0,0.000287415,3.97182e-07,1.59346e-06,3.66078e-05,1.57335e-05,6.13667e-05,0,2.30684e-07,4.50858e-05,0,0.000230624,0,0.00521404,1.63328e-06,0,0
0.010466,0.010316,-51577.4,0.00254236,374.996,0.745519,0.0136205,0,0,0.222508,0,0,5.73804e-05,0.00494472,1.60812e-05,0.00321318,0.00310185,0,4.01346e-07,4.26967e-05,8.22324e-05,0,0,0.000332652,4.45445e-07,1.81803e-06,4.2427e-05,1.82063e-05,7.0743e-05,0,2.6568e-07,5.21514e-05,0,0.000267107,0,0.0061065,1.82848e-06,0,0
0.012363,0.011692,-61270.2,0.00294748,385.186,0.744168,0.0135958,0,0,0.221154,0,0,6.58001e-05,0.00563358,1.83044e-05,0.00366385,0.0035271,0,4.5998e-07,4.89088e-05,9.45415e-05,0,0,0.000382936,4.94488e-07,2.05974e-06,4.89132e-05,2.0955e-05,8.10784e-05,0,3.03835e-07,5.99945e-05,0,0.000307715,0,0.00712342,2.02686e-06,0,0
0.014515,0.013167,-72266.8,0.00340512,396.17,0.742656,0.0135682,0,0,0.219671,0,0,7.50764e-05,0.00638179,2.07133e-05,0.00415426,0.00398692,0,5.24129e-07,5.57361e-05,0.000108172,0,0,0.000438772,5.43505e-07,2.31902e-06,5.61368e-05,2.40082e-05,9.24543e-05,0,3.4515e-07,6.86908e-05,0,0.00035287,0,0.00828328,2.22577e-06,0,0
0.016941,0.014737,-84658.7,0.00392307,407.982,0.740963,0.0135373,0,0,0.218048,0,0,8.529e-05,0.00719323,2.3319e-05,0.00468715,0.0044832,0,5.94063e-07,6.32332e-05,0.000123259,0,0,0.000500759,5.91623e-07,2.59653e-06,6.41799e-05,2.73997e-05,0.000104968,0,3.89562e-07,7.83289e-05,0,0.000403069,0,0.00960812,2.4225e-06,0,0
0.019657,0.016399,-98533.8,0.00450976,420.643,0.739066,0.0135026,0,0,0.216275,0,0,9.65181e-05,0.00807131,2.61303e-05,0.00526496,0.00501753,0,6.69942e-07,7.14513e-05,0.000139931,0,0,0.000569483,6.37843e-07,2.89274e-06,7.31243e-05,3.11632e-05,0.000118714,0,4.36846e-07,8.89955e-05,0,0.000458799,0,0.0111218,2.6141e-06,0,0
0.022679,0.018146,-113975,0.00517466,434.175,0.736942,0.0134638,0,0,0.214339,0,0,0.000108841,0.00901944,2.91559e-05,0.00589015,0.00559145,0,7.51854e-07,8.0443e-05,0.000158325,0,0,0.00064556,6.81107e-07,3.20814e-06,8.30556e-05,3.53348e-05,0.000133789,0,4.86628e-07,0.00010078,0,0.000520571,0,0.0128508,2.79752e-06,0,0
0.026023,0.019972,-131062,0.00592791,448.582,0.734566,0.0134204,0,0,0.21223,0,0,0.000122332,0.0100403,3.24019e-05,0.00656472,0.00620611,0,8.39754e-07,9.0255e-05,0.000178566,0,0,0.000729573,7.20293e-07,3.54295e-06,9.40556e-05,3.99493e-05,0.000150286,0,5.38331e-07,0.000113768,0,0.000588869,0,0.0148237,2.96957e-06,0,0
0.029704,0.021871,-149867,0.00677941,463.842,0.731916,0.013372,0,0,0.20994,0,0,0.000137043,0.011135,3.5868e-05,0.00728948,0.00686151,0,9.33381e-07,0.000100917,0.000200745,0,0,0.000821977,7.54228e-07,3.89677e-06,0.00010619,4.50354e-05,0.000168267,0,5.91118e-07,0.00012802,0,0.000664073,0,0.0170688,3.12678e-06,0,0
0.033735,0.023835,-170461,0.00773799,479.888,0.728972,0.0133182,0,0,0.207466,0,0,0.000152991,0.0123014,3.95447e-05,0.00806342,0.00755608,0,1.03221e-06,0.000112432,0.0002249,0,0,0.000923013,7.81742e-07,4.26835e-06,0.000119495,5.06108e-05,0.000187758,0,6.43878e-07,0.000143567,0,0.000746381,0,0.0196122,3.26545e-06,0,0
0.038129,0.025857,-192908,0.008811,496.619,0.72572,0.0132588,0,0,0.20481,0,0,0.000170155,0.0135355,4.34142e-05,0.00888385,0.00828676,0,1.13549e-06,0.000124778,0.000251014,0,0,0.0010327,8.01771e-07,4.65558e-06,0.000133981,5.66817e-05,0.000208739,0,6.95289e-07,0.000160401,0,0.000835813,0,0.0224773,3.38194e-06,0,0
0.042897,0.02793,-217269,0.0100033,513.891,0.72215,0.0131936,0,0,0.20198,0,0,0.000188475,0.0148299,4.74487e-05,0.00974608,0.00904877,0,1.24228e-06,0.0001379,0.000279003,0,0,0.00115077,8.13442e-07,5.0555e-06,0.000149617,6.3239e-05,0.000231141,0,7.43885e-07,0.000178471,0,0.000932151,0,0.0256827,3.47283e-06,0,0
0.04805,0.030046,-243600,0.0114232,533.699,0.717923,0.0131163,0,0,0.198678,0,0,0.000209802,0.0163268,5.20972e-05,0.0107437,0.00992837,0,1.3642e-06,0.000153141,0.000311617,0,0,0.00128871,8.23811e-07,5.51572e-06,0.000167903,7.092e-05,0.000257243,0,7.95584e-07,0.000199545,0,0.00104469,0,0.029517,3.56843e-06,0,0
0.0536,0.032199,-271954,0.0128603,551.47,0.713708,0.0130393,0,0,0.195539,0,0,0.000230113,0.0177101,5.63449e-05,0.0116689,0.010733,0,1.47463e-06,0.000167553,0.00034289,0,0,0.00142193,8.16545e-07,5.92875e-06,0.000185643,7.83798e-05,0.000282122,0,8.33923e-07,0.000219803,0,0.00115349,0,0.0334513,3.59764e-06,0,0
0.059555,0.034379,-302380,0.0143987,568.94,0.709227,0.0129574,0,0,0.192312,0,0,0.000250951,0.0191015,6.05772e-05,0.0126014,0.0115371,0,1.58376e-06,0.00018226,0.000375091,0,0,0.00155988,7.99314e-07,6.33625e-06,0.000204064,8.61408e-05,0.000307681,0,8.64609e-07,0.000240701,0,0.00126618,0,0.0377178,3.59171e-06,0,0
0.065925,0.036581,-334922,0.016042,586.166,0.704448,0.0128701,0,0,0.18898,0,0,0.000272385,0.0205065,6.48068e-05,0.0135448,0.0123442,0,1.69209e-06,0.000197305,0.000408306,0,0,0.00170295,7.73375e-07,6.74021e-06,0.00022322,9.4231e-05,0.000334015,0,8.87734e-07,0.000262294,0,0.00138306,0,0.0423503,3.55451e-06,0,0
0.072717,0.038795,-369625,0.017788,603.14,0.699353,0.012777,0,0,0.185536,0,0,0.00029442,0.0219258,6.90318e-05,0.0144994,0.013155,0,1.79975e-06,0.00021269,0.000442531,0,0,0.0018512,7.39795e-07,7.1411e-06,0.000243116,0.000102656,0.00036114,0,9.03404e-07,0.000284578,0,0.00150412,0,0.0473747,3.48923e-06,0,0
0.07994,0.041016,-406526,0.0196286,619.811,0.693926,0.0126779,0,0,0.181979,0,0,0.00031702,0.023357,7.324e-05,0.0154634,0.0139681,0,1.90658e-06,0.000228383,0.000477694,0,0,0.00200438,6.99499e-07,7.53847e-06,0.000263722,0.000111408,0.000389026,0,9.11763e-07,0.000307511,0,0.00162916,0,0.0528124,3.39861e-06,0,0
0.0876,0.043235,-445662,0.0215494,636.094,0.688163,0.0125726,0,0,0.178314,0,0,0.000340109,0.0247949,7.74109e-05,0.0164334,0.0147809,0,2.01212e-06,0.000244326,0.000513664,0,0,0.002162,6.53401e-07,7.93111e-06,0.000284973,0.00012046,0.000417588,0,9.12993e-07,0.000331008,0,0.00175772,0,0.0586774,3.28549e-06,0,0
0.095704,0.045445,-487065,0.0235314,651.897,0.682058,0.0124611,0,0,0.174548,0,0,0.000363598,0.0262336,8.15221e-05,0.0174052,0.0155899,0,2.11571e-06,0.000260452,0.000550289,0,0,0.00232347,6.02462e-07,8.31773e-06,0.000306792,0.000129784,0.000446731,0,9.07314e-07,0.000354971,0,0.0018893,0,0.0649822,3.15291e-06,0,0
0.104257,0.047639,-530765,0.025551,667.131,0.675611,0.0123433,0,0,0.170688,0,0,0.000387391,0.0276668,8.55511e-05,0.0183745,0.0163917,0,2.21656e-06,0.000276689,0.000587405,0,0,0.00248815,5.47767e-07,8.69713e-06,0.000329092,0.000139343,0.000476344,0,8.94956e-07,0.000379294,0,0.00202333,0,0.0717369,3.00432e-06,0,0
0.113265,0.049809,-576789,0.0275817,681.719,0.668819,0.0122192,0,0,0.166741,0,0,0.000411395,0.0290888,8.94776e-05,0.0193375,0.0171832,0,2.31381e-06,0.000292972,0.000624853,0,0,0.0026554,4.90522e-07,9.06838e-06,0.000351789,0.000149103,0.000506325,0,8.76124e-07,0.000403876,0,0.00215926,0,0.0789521,2.84343e-06,0,0
0.122733,0.051949,-625159,0.0295947,695.592,0.661678,0.0120887,0,0,0.162713,0,0,0.000435519,0.0304941,9.32831e-05,0.0202904,0.0179616,0,2.40654e-06,0.000309235,0.000662477,0,0,0.00282459,4.32061e-07,9.43078e-06,0.000374799,0.000159029,0.000536572,0,8.5099e-07,0.000428616,0,0.00229653,0,0.0866382,2.67418e-06,0,0
0.132663,0.05405,-675895,0.0315594,708.689,0.654189,0.0119519,0,0,0.15861,0,0,0.000459669,0.0318773,9.69498e-05,0.0212293,0.0187238,0,2.4938e-06,0.00032541,0.000700114,0,0,0.00299505,3.73815e-07,9.78369e-06,0.000398029,0.00016908,0.000566977,0,8.1972e-07,0.000453408,0,0.00243455,0,0.0948034,2.50061e-06,0,0
0.14306,0.056106,-729012,0.0334465,720.961,0.646347,0.0118086,0,0,0.15444,0,0,0.00048376,0.0332335,0.000100463,0.022151,0.0194673,0,2.57475e-06,0.00034144,0.000737617,0,0,0.00316617,3.17205e-07,1.01267e-05,0.000421398,0.00017922,0.000597442,0,7.82513e-07,0.000478156,0,0.0025728,0,0.103459,2.32659e-06,0,0
0.153925,0.058109,-784522,0.0352273,732.363,0.638152,0.0116589,0,0,0.150206,0,0,0.000507697,0.0345577,0.000103808,0.0230519,0.0201896,0,2.64861e-06,0.000357258,0.000774828,0,0,0.00333728,2.636e-07,1.04595e-05,0.000444812,0.000189408,0.000627859,0,7.39695e-07,0.000502756,0,0.00271068,0,0.112611,2.15588e-06,0,0
0.16526,0.060051,-842431,0.0368767,742.857,0.629603,0.0115027,0,0,0.145916,0,0,0.000531391,0.0358449,0.000106972,0.0239286,0.020888,0,2.71479e-06,0.000372804,0.000811594,0,0,0.00350772,2.14193e-07,1.07817e-05,0.000468181,0.000199602,0.000658124,0,6.91791e-07,0.000527108,0,0.00284762,0,0.12227,1.9919e-06,0,0
0.177064,0.061927,-902743,0.0383738,752.41,0.620699,0.01134,0,0,0.141576,0,0,0.000554744,0.0370901,0.000109943,0.0247776,0.0215601,0,2.77284e-06,0.000388013,0.000847753,0,0,0.0036768,1.69929e-07,1.1093e-05,0.000491408,0.000209759,0.000688124,0,6.39621e-07,0.000551106,0,0.00298301,0,0.132439,1.8377e-06,0,0
0.189339,0.063728,-965454,0.0397037,760.997,0.611441,0.0111709,0,0,0.137191,0,0,0.000577668,0.0382888,0.000112709,0.0255958,0.0222034,0,2.8226e-06,0.000402827,0.000883158,0,0,0.00384385,1.3142e-07,1.13934e-05,0.000514403,0.000219834,0.000717753,0,5.8433e-07,0.00057465,0,0.00311628,0,0.143129,1.69577e-06,0,0
0.202081,0.065447,-1.03056e+06,0.040857,768.598,0.60183,0.0109953,0,0,0.132769,0,0,0.000600062,0.039436,0.000115259,0.0263797,0.0228153,0,2.86408e-06,0.000417179,0.000917644,0,0,0.00400814,9.8945e-08,1.16826e-05,0.000537062,0.000229779,0.000746891,0,5.27448e-07,0.000597631,0,0.00324681,0,0.154341,1.56815e-06,0,0
0.215289,0.067077,-1.09804e+06,0.0418309,775.196,0.591868,0.0108133,0,0,0.128316,0,0,0.000621832,0.0405271,0.000117585,0.0271261,0.0233937,0,2.89754e-06,0.000431008,0.000951059,0,0,0.00416897,7.24273e-08,1.19606e-05,0.000559289,0.000239548,0.000775426,0,4.70835e-07,0.000619947,0,0.00337399,0,0.16608,1.45624e-06,0,0
0.228959,0.068611,-1.16788e+06,0.0426283,780.781,0.581558,0.0106249,0,0,0.123838,0,0,0.00064288,0.0415572,0.000119676,0.0278317,0.0239359,0,2.9234e-06,0.000444251,0.000983243,0,0,0.00432562,5.15008e-08,1.22274e-05,0.000580983,0.000249092,0.000803238,0,4.16636e-07,0.00064149,0,0.0034972,0,0.17835,1.36092e-06,0,0
0.243085,0.070042,-1.24005e+06,0.0432567,785.348,0.570903,0.0104303,0,0,0.119343,0,0,0.000663107,0.0425217,0.000121525,0.0284932,0.0244397,0,2.94218e-06,0.000456845,0.00101404,0,0,0.00447734,3.55788e-08,1.24831e-05,0.000602039,0.000258358,0.000830205,0,3.6717e-07,0.000662152,0,0.00361582,0,0.191151,1.28254e-06,0,0
0.257661,0.071362,-1.31451e+06,0.0437278,788.894,0.559909,0.0102294,0,0,0.114837,0,0,0.000682415,0.0434161,0.000123122,0.0291075,0.0249027,0,2.95443e-06,0.000468728,0.00104329,0,0,0.00462339,2.3944e-08,1.27278e-05,0.000622355,0.000267297,0.000856204,0,3.24775e-07,0.000681829,0,0.00372922,0,0.204482,1.22103e-06,0,0
0.272678,0.072565,-1.39124e+06,0.044055,791.423,0.548583,0.0100225,0,0,0.11033,0,0,0.000700705,0.0442358,0.000124462,0.0296714,0.0253228,0,2.96062e-06,0.000479838,0.00107084,0,0,0.00476302,1.58467e-08,1.29615e-05,0.000641825,0.000275855,0.000881109,0,2.91655e-07,0.000700412,0,0.00383679,0,0.218342,1.17604e-06,0,0
0.288128,0.073645,-1.47018e+06,0.0442521,792.942,0.536929,0.00980958,0,0,0.105828,0,0,0.000717882,0.0449766,0.000125536,0.030182,0.0256976,0,2.96107e-06,0.000490116,0.00109653,0,0,0.00489549,1.05879e-08,1.31842e-05,0.000660346,0.000283982,0.000904797,0,2.69705e-07,0.000717799,0,0.0039379,0,0.232729,1.14708e-06,0,0
0.304,0.074594,-1.55126e+06,0.0443318,793.46,0.524958,0.00959086,0,0,0.101338,0,0,0.000733848,0.0456341,0.00012634,0.0306363,0.0260252,0,2.9559e-06,0.000499501,0.00112022,0,0,0.00502006,7.59081e-09,1.33958e-05,0.000677814,0.000291625,0.000927141,0,2.60367e-07,0.000733886,0,0.00403196,0,0.247637,1.13372e-06,0,0
0.320279,0.075407,-1.63444e+06,0.0443043,792.991,0.512679,0.00936654,0,0,0.0968699,0,0,0.000748507,0.0462043,0.000126866,0.0310314,0.0263035,0,2.94496e-06,0.000507937,0.00114176,0,0,0.00513597,6.44998e-09,1.35959e-05,0.000694123,0.000298732,0.000948013,0,2.64495e-07,0.00074857,0,0.00411836,0,0.263058,1.13572e-06,0,0
0.336953,0.076077,-1.71962e+06,0.044176,791.553,0.500103,0.00913678,0,0,0.0924303,0,0,0.000761768,0.0466835,0.000127111,0.0313648,0.0265307,0,2.92786e-06,0.000515368,0.001161,0,0,0.00524251,6.96281e-09,1.37838e-05,0.000709171,0.000305253,0.00096729,0,2.82271e-07,0.000761755,0,0.00419652,0,0.278984,1.15317e-06,0,0
0.354003,0.076599,-1.80674e+06,0.043949,789.166,0.487243,0.00890183,0,0,0.0880284,0,0,0.000773536,0.0470678,0.00012707,0.0316339,0.0267048,0,2.90404e-06,0.000521742,0.00117781,0,0,0.00533894,9.14986e-09,1.39588e-05,0.000722856,0.000311139,0.000984845,0,3.13157e-07,0.000773344,0,0.00426586,0,0.295404,1.18652e-06,0,0
0.371413,0.076968,-1.89568e+06,0.0436213,785.851,0.474112,0.00866192,0,0,0.0836719,0,0,0.000783727,0.047354,0.000126741,0.0318363,0.0268245,0,2.8728e-06,0.000527009,0.00119206,0,0,0.00542457,1.32654e-08,1.41196e-05,0.00073508,0.000316342,0.00100056,0,3.55909e-07,0.00078325,0,0.00432587,0,0.312306,1.23658e-06,0,0
0.389161,0.077178,-1.98636e+06,0.0431864,781.633,0.460725,0.00841735,0,0,0.0793694,0,0,0.000792255,0.0475391,0.000126121,0.03197,0.0268881,0,2.83352e-06,0.000531123,0.00120363,0,0,0.00549874,1.97992e-08,1.42649e-05,0.000745748,0.000320819,0.00101431,0,4.08629e-07,0.000791385,0,0.00437602,0,0.329671,1.30443e-06,0,0
0.407225,0.077226,-2.07865e+06,0.0426348,776.541,0.447101,0.00816843,0,0,0.0751293,0,0,0.000799039,0.0476204,0.00012521,0.032033,0.0268945,0,2.78569e-06,0.000534041,0.0012124,0,0,0.0055608,2.94701e-08,1.43933e-05,0.000754767,0.000324526,0.00102598,0,4.68892e-07,0.000797673,0,0.00441585,0,0.347484,1.39126e-06,0,0
0.425579,0.077108,-2.17242e+06,0.0419548,770.603,0.433257,0.00791551,0,0,0.0709602,0,0,0.000804006,0.0475957,0.000124008,0.0320239,0.0268427,0,2.72912e-06,0.000535726,0.00121827,0,0,0.00561014,4.32005e-08,1.4503e-05,0.000762051,0.000327426,0.00103547,0,5.33899e-07,0.000802041,0,0.00444492,0,0.365721,1.49813e-06,0,0
0.444195,0.076823,-2.26753e+06,0.0411344,763.851,0.419216,0.00765897,0,0,0.0668706,0,0,0.000807088,0.047463,0.000122518,0.0319414,0.0267318,0,2.66399e-06,0.000536145,0.00122116,0,0,0.00564622,6.2066e-08,1.45926e-05,0.00076752,0.000329485,0.00104266,0,6.00703e-07,0.000804428,0,0.00446285,0,0.384359,1.62578e-06,0,0
0.463044,0.076367,-2.36383e+06,0.0401627,756.319,0.404999,0.00739923,0,0,0.0628685,0,0,0.000808227,0.0472212,0.000120743,0.0317845,0.0265613,0,2.59085e-06,0.000535272,0.00122099,0,0,0.00566853,8.72128e-08,1.46604e-05,0.000771102,0.000330673,0.00104747,0,6.66441e-07,0.000804781,0,0.00446932,0,0.403369,1.77441e-06,0,0
0.482095,0.075741,-2.46117e+06,0.0390319,748.04,0.39063,0.0071367,0,0,0.0589617,0,0,0.000807374,0.0468695,0.00011869,0.0315527,0.0263312,0,2.51064e-06,0.000533087,0.0012177,0,0,0.00567665,1.19738e-07,1.47049e-05,0.000772733,0.000330966,0.00104981,0,7.28569e-07,0.000803058,0,0.00446404,0,0.422724,1.94349e-06,0,0
0.501314,0.074943,-2.55936e+06,0.0377388,739.052,0.376134,0.00687186,0,0,0.0551581,0,0,0.000804491,0.0464077,0.000116366,0.031246,0.0260413,0,2.42451e-06,0.000529576,0.00121126,0,0,0.00567022,1.60539e-07,1.47245e-05,0.000772359,0.000330346,0.00104961,0,7.85045e-07,0.000799229,0,0.00444684,0,0.442391,2.13165e-06,0,0
0.520667,0.073976,-2.65823e+06,0.0362858,729.39,0.361537,0.00660517,0,0,0.0514645,0,0,0.00079955,0.0458361,0.000113781,0.0308644,0.0256922,0,2.3337e-06,0.000524733,0.00120165,0,0,0.00564894,2.10163e-07,1.47175e-05,0.000769935,0.0003288,0.0010468,0,8.34477e-07,0.000793276,0,0.00441758,0,0.462335,2.33661e-06,0,0
0.540115,0.07284,-2.7576e+06,0.0346824,719.095,0.346868,0.00633717,0,0,0.0478883,0,0,0.000792537,0.0451561,0.000110945,0.0304089,0.0252846,0,2.2394e-06,0.000518561,0.00118886,0,0,0.00561261,2.68662e-07,1.46824e-05,0.000765432,0.000326322,0.00104133,0,8.76143e-07,0.000785196,0,0.0043762,0,0.482518,2.55524e-06,0,0
0.559621,0.071538,-2.85725e+06,0.0329444,708.203,0.332156,0.00606838,0,0,0.0444355,0,0,0.00078345,0.0443692,0.000107873,0.0298807,0.0248197,0,2.14254e-06,0.00051107,0.00117291,0,0,0.00556114,3.35545e-07,1.46173e-05,0.00075883,0.000322913,0.00103317,0,9.09973e-07,0.000774998,0,0.00432276,0,0.502901,2.78367e-06,0,0
0.579144,0.070073,-2.957e+06,0.031094,696.757,0.317431,0.00579935,0,0,0.041112,0,0,0.000772302,0.043478,0.000104577,0.0292813,0.0242988,0,2.04386e-06,0.000502281,0.00115384,0,0,0.0054945,4.09779e-07,1.45206e-05,0.000750125,0.00031858,0.00102231,0,9.36415e-07,0.000762708,0,0.00425735,0,0.52344,3.01737e-06,0,0
0.598643,0.068452,-3.05662e+06,0.0291582,684.795,0.302723,0.00553066,0,0,0.0379229,0,0,0.000759118,0.0424856,0.000101075,0.028613,0.0237239,0,1.94386e-06,0.00049222,0.00113171,0,0,0.00541279,4.89932e-07,1.43907e-05,0.000739326,0.000313338,0.00100873,0,9.5627e-07,0.000748364,0,0.0041802,0,0.544093,3.25143e-06,0,0
0.618075,0.066679,-3.1559e+06,0.0271673,672.36,0.288067,0.00526289,0,0,0.0348728,0,0,0.000743938,0.041396,9.73824e-05,0.0278784,0.0230972,0,1.84297e-06,0.000480925,0.00110662,0,0,0.00531623,5.74385e-07,1.42264e-05,0.00072646,0.000307209,0.000992458,0,9.70506e-07,0.000732023,0,0.0040916,0,0.56481,3.48065e-06,0,0
0.637396,0.064763,-3.25461e+06,0.0251532,659.495,0.273494,0.00499665,0,0,0.0319655,0,0,0.00072682,0.040214,9.35195e-05,0.0270809,0.0224213,0,1.74163e-06,0.000468445,0.00107867,0,0,0.00520512,6.61583e-07,1.40265e-05,0.00071157,0.00030022,0.000973533,0,9.80074e-07,0.000713756,0,0.00399196,0,0.585543,3.69985e-06,0,0
0.656562,0.062711,-3.35253e+06,0.0231468,646.242,0.259038,0.00473254,0,0,0.029204,0,0,0.000707834,0.0389448,8.9506e-05,0.0262241,0.0216992,0,1.64035e-06,0.000454836,0.001048,0,0,0.00507992,7.50264e-07,1.37906e-05,0.000694715,0.000292408,0.000952008,0,9.85748e-07,0.000693651,0,0.00388176,0,0.606242,3.90398e-06,0,0
0.675527,0.060532,-3.44942e+06,0.0211767,632.645,0.244734,0.00447121,0,0,0.0265907,0,0,0.00068707,0.0375947,8.5364e-05,0.0253124,0.0209345,0,1.53973e-06,0.000440166,0.00101477,0,0,0.00494119,8.39555e-07,1.35183e-05,0.000675972,0.000283817,0.000927965,0,9.87998e-07,0.000671814,0,0.00376159,0,0.626852,4.08834e-06,0,0
0.694245,0.058238,-3.54506e+06,0.0192678,618.752,0.230616,0.00421328,0,0,0.024127,0,0,0.000664632,0.0361707,8.11169e-05,0.0243504,0.0201308,0,1.44031e-06,0.000424512,0.000979158,0,0,0.00478964,9.28922e-07,1.32101e-05,0.000655436,0.000274498,0.000901506,0,9.86901e-07,0.000648365,0,0.00363216,0,0.64732,4.24868e-06,0,0
0.712672,0.055841,-3.6392e+06,0.0174396,604.606,0.216717,0.00395937,0,0,0.0218132,0,0,0.00064064,0.0346804,7.67896e-05,0.0233433,0.0192923,0,1.34246e-06,0.000407961,0.000941374,0,0,0.00462605,1.01796e-06,1.28662e-05,0.000633219,0.000264506,0.000872754,0,9.82092e-07,0.000623441,0,0.00349423,0,0.667593,4.38135e-06,0,0
0.730761,0.053352,-3.73162e+06,0.0157074,590.257,0.203073,0.00371012,0,0,0.0196493,0,0,0.000615234,0.0331322,7.24088e-05,0.022297,0.0184236,0,1.2462e-06,0.000390612,0.00090165,0,0,0.0044514,1.10605e-06,1.24878e-05,0.000609452,0.000253908,0.000841857,0,9.72769e-07,0.000597197,0,0.00334867,0,0.687612,4.48328e-06,0,0
0.748468,0.050786,-3.82209e+06,0.0140808,575.754,0.189718,0.00346613,0,0,0.0176338,0,0,0.000588566,0.0315348,6.80016e-05,0.0212175,0.0175295,0,1.15122e-06,0.000372568,0.000860236,0,0,0.00426674,1.19202e-06,1.20758e-05,0.000584281,0.000242773,0.000808987,0,9.57767e-07,0.000569799,0,0.00319645,0,0.707322,4.55206e-06,0,0
0.765749,0.048158,-3.91038e+06,0.0125654,561.148,0.176684,0.00322801,0,0,0.0157648,0,0,0.000560804,0.0298979,6.35961e-05,0.0201112,0.0166151,0,1.05693e-06,0.000353945,0.000817402,0,0,0.00407326,1.27393e-06,1.16318e-05,0.000557869,0.000231178,0.000774337,0,9.35714e-07,0.000541429,0,0.00303858,0,0.726668,4.58594e-06,0,0
0.782562,0.045483,-3.99628e+06,0.0111631,546.489,0.164003,0.00299634,0,0,0.0140391,0,0,0.000532127,0.0282313,5.92202e-05,0.018985,0.0156857,0,9.62728e-07,0.000334861,0.000773434,0,0,0.00387222,1.34902e-06,1.11577e-05,0.000530393,0.000219203,0.000738122,0,9.05267e-07,0.00051228,0,0.00287616,0,0.745593,4.58383e-06,0,0
0.798865,0.042777,-4.07957e+06,0.00987336,531.834,0.151706,0.0027717,0,0,0.0124531,0,0,0.00050273,0.0265454,5.49018e-05,0.017846,0.0147469,0,8.68256e-07,0.000315443,0.000728636,0,0,0.00366503,1.41398e-06,1.06558e-05,0.000502045,0.000206935,0.000700578,0,8.65405e-07,0.000482555,0,0.00271034,0,0.764044,4.54536e-06,0,0
0.814619,0.040057,-4.16006e+06,0.00869334,517.239,0.139824,0.00255462,0,0,0.0110023,0,0,0.000472816,0.0248507,5.06675e-05,0.0167014,0.0138044,0,7.73669e-07,0.000295822,0.00068332,0,0,0.00345315,1.46534e-06,1.0129e-05,0.00047303,0.000194462,0.000661961,0,8.15726e-07,0.000452467,0,0.00254232,0,0.781966,4.47093e-06,0,0
0.829787,0.03734,-4.23755e+06,0.00761914,502.76,0.128383,0.00234561,0,0,0.00968144,0,0,0.000442594,0.0231582,4.65427e-05,0.0155585,0.012864,0,6.7976e-07,0.00027613,0.000637804,0,0,0.00323812,1.50004e-06,9.58089e-06,0.000443561,0.000181876,0.000622543,0,7.5667e-07,0.000422229,0,0.00237332,0,0.799308,4.36175e-06,0,0
0.844335,0.034642,-4.31188e+06,0.00664604,488.457,0.11741,0.00214514,0,0,0.00848465,0,0,0.000412278,0.0214785,4.25505e-05,0.0144246,0.0119314,0,5.87913e-07,0.0002565,0.00059241,0,0,0.00302151,1.51592e-06,9.01558e-06,0.000413857,0.000169268,0.000582609,0,6.89606e-07,0.00039206,0,0.00220456,0,0.816022,4.21987e-06,0,0
0.858233,0.031981,-4.38289e+06,0.00576879,474.389,0.106928,0.00195362,0,0,0.00740551,0,0,0.000382083,0.0198221,3.87118e-05,0.0133071,0.0110124,0,4.99901e-07,0.000237065,0.00054745,0,0,0.00280491,1.512e-06,8.43772e-06,0.00038414,0.00015673,0.000542451,0,6.1674e-07,0.000362174,0,0.00203727,0,0.832064,4.0482e-06,0,0
0.871453,0.029373,-4.45043e+06,0.00498202,460.619,0.0969566,0.00177144,0,0,0.00643729,0,0,0.000352227,0.0181995,3.5045e-05,0.0122128,0.0101125,0,4.17602e-07,0.000217955,0.000503239,0,0,0.00258996,1.48851e-06,7.85252e-06,0.000354638,0.000144353,0.000502372,0,5.4088e-07,0.000332783,0,0.00187263,0,0.847391,3.85049e-06,0,0
0.883972,0.026834,-4.51439e+06,0.00428015,447.208,0.0875145,0.00159893,0,0,0.00557287,0,0,0.000322918,0.0166207,3.15656e-05,0.0111486,0.00923715,0,3.42677e-07,0.000199296,0.000460074,0,0,0.00237822,1.44675e-06,7.26536e-06,0.000325572,0.000132225,0.000462674,0,4.65056e-07,0.00030409,0,0.0017118,0,0.861966,3.63109e-06,0,0
0.89577,0.024379,-4.57467e+06,0.00365762,434.218,0.0786178,0.00143637,0,0,0.00480505,0,0,0.000294367,0.0150953,2.82865e-05,0.0101209,0.00839145,0,2.76334e-07,0.000181212,0.000418244,0,0,0.00217128,1.3887e-06,6.68184e-06,0.000297163,0.000120431,0.000423663,0,3.92153e-07,0.000276293,0,0.00155589,0,0.875754,3.39492e-06,0,0
0.906834,0.022022,-4.63119e+06,0.0031088,421.713,0.070279,0.001284,0,0,0.00412651,0,0,0.000266771,0.0136322,2.52172e-05,0.00913576,0.00758029,0,2.19184e-07,0.000163817,0.00037802,0,0,0.00197066,1.31676e-06,6.10736e-06,0.000269622,0.000109052,0.00038564,0,3.24562e-07,0.000249575,0,0.00140593,0,0.888727,3.14708e-06,0,0
0.917153,0.019775,-4.68392e+06,0.00262834,409.765,0.0625135,0.00114211,0,0,0.00353031,0,0,0.000240337,0.0122406,2.23663e-05,0.00819943,0.00680871,0,1.71263e-07,0.00014723,0.000339678,0,0,0.00177795,1.23356e-06,5.54747e-06,0.00024317,9.81703e-05,0.000348924,0,2.64014e-07,0.000224124,0,0.001263,0,0.90085,2.89287e-06,0,0
0.926726,0.017649,-4.73282e+06,0.00221091,398.445,0.0553352,0.00101094,0,0,0.00300966,0,0,0.000215267,0.0109295,1.974e-05,0.00731778,0.00608157,0,1.3208e-07,0.000131568,0.000303484,0,0,0.00159469,1.14189e-06,5.00755e-06,0.000218023,8.78669e-05,0.000313835,0,2.11462e-07,0.000200116,0,0.00112808,0,0.912093,2.63748e-06,0,0
0.935552,0.015652,-4.77792e+06,0.0018517,387.844,0.0487661,0.000890906,0,0,0.00255861,0,0,0.000191789,0.00970896,1.73463e-05,0.00649755,0.00540443,0,1.00806e-07,0.000116957,0.000269735,0,0,0.00142264,1.04487e-06,4.49354e-06,0.000194422,7.82314e-05,0.000280735,0,1.67196e-07,0.00017775,0,0.0010023,0,0.922413,2.38626e-06,0,0
0.943641,0.013792,-4.81925e+06,0.00154589,378.052,0.0428262,0.000782368,0,0,0.00217141,0,0,0.00017012,0.00858845,1.51908e-05,0.00574503,0.00478257,0,7.63826e-08,0.000103521,0.000238711,0,0,0.00126347,9.45826e-07,4.01135e-06,0.000172599,6.9349e-05,0.000249979,0,1.30905e-07,0.00015721,0,0.000886713,0,0.931769,2.14434e-06,0,0
0.951006,0.012073,-4.85688e+06,0.00128881,369.158,0.0375343,0.000685673,0,0,0.00184275,0,0,0.000150464,0.00757686,1.32786e-05,0.00506608,0.00422094,0,5.76854e-08,9.1372e-05,0.000210673,0,0,0.0011188,8.48257e-07,3.56686e-06,0.000152771,6.13003e-05,0.000221908,0,1.01885e-07,0.000138663,0,0.00078228,0,0.940125,1.91661e-06,0,0
0.957667,0.010498,-4.89091e+06,0.00103282,358.794,0.0315888,0.000577043,0,0,0.00150488,0,0,0.000127682,0.00641455,1.11478e-05,0.00428706,0.00357487,0,4.18789e-08,7.73844e-05,0.000178409,0,0,0.000950423,7.25373e-07,3.03912e-06,0.000129726,5.19893e-05,0.000188958,0,7.60285e-08,0.000117364,0,0.000662237,0,0.949551,1.63935e-06,0,0
0.963649,0.009066,-4.92147e+06,0.000844615,350.889,0.02709,0.000494847,0,0,0.00125513,0,0,0.000110318,0.00553024,9.53884e-06,0.0036945,0.00308325,0,3.10863e-08,6.67339e-05,0.000153851,0,0,0.000821978,6.27921e-07,2.6327e-06,0.000112149,4.4894e-05,0.000163784,0,5.7857e-08,0.00010116,0,0.000570875,0,0.956691,1.42394e-06,0,0
0.968981,0.007776,-4.94871e+06,0.000689232,343.832,0.0231384,0.000422652,0,0,0.00104508,0,0,9.48573e-05,0.00474583,8.13116e-06,0.00316921,0.00264693,0,2.31095e-08,5.72774e-05,0.000132054,0,0,0.000707405,5.38207e-07,2.26624e-06,9.648e-05,3.85811e-05,0.000141244,0,4.39823e-08,8.67917e-05,0,0.000489826,0,0.962975,1.22777e-06,0,0
0.973701,0.006623,-4.97283e+06,0.000561987,337.603,0.0197016,0.000359864,0,0,0.000869547,0,0,8.12493e-05,0.0040577,6.9113e-06,0.00270869,0.00226396,0,1.72513e-08,4.89755e-05,0.000112923,0,0,0.000606393,4.57608e-07,1.94041e-06,8.26745e-05,3.3028e-05,0.000121304,0,3.34923e-08,7.41923e-05,0,0.000418728,0,0.968448,1.05209e-06,0,0
0.977846,0.005603,-4.994e+06,0.000458431,332.158,0.0167363,0.000305694,0,0,0.000723548,0,0,6.93835e-05,0.0034595,5.86224e-06,0.00230858,0.00193085,0,1.29621e-08,4.17542e-05,9.62862e-05,0,0,0.000518183,3.86666e-07,1.65424e-06,7.06258e-05,2.81889e-05,0.000103835,0,2.56108e-08,6.32435e-05,0,0.000356928,0,0.973178,8.97023e-07,0,0
0.981459,0.004706,-5.01246e+06,0.000374344,327.423,0.0141881,0.000259145,0,0,0.000602239,0,0,5.90905e-05,0.00294201,4.96336e-06,0.00196264,0.00164253,0,9.81597e-09,3.5505e-05,8.18898e-05,0,0,0.000441564,3.25131e-07,1.40496e-06,6.01662e-05,2.3994e-05,8.86166e-05,0,1.96951e-08,5.37756e-05,0,0.000303477,0,0.977247,7.61527e-07,0,0
0.984583,0.003926,-5.02842e+06,0.000306038,323.316,0.0120017,0.000219206,0,0,0.000501307,0,0,5.01845e-05,0.00249537,4.19407e-06,0.00166423,0.00139357,0,7.4965e-09,3.01104e-05,6.94618e-05,0,0,0.000375192,2.72295e-07,1.18899e-06,5.11102e-05,2.03667e-05,7.53978e-05,0,1.52433e-08,4.56066e-05,0,0.000257356,0,0.980743,6.4396e-07,0,0
0.987264,0.003253,-5.04212e+06,0.000250356,319.754,0.0101234,0.000184897,0,0,0.000416994,0,0,4.24765e-05,0.00210971,3.53465e-06,0.00140667,0.00117849,0,5.77139e-09,2.54521e-05,5.87286e-05,0,0,0.000317692,2.27185e-07,1.00232e-06,4.32683e-05,1.72297e-05,6.39175e-05,0,1.1871e-08,3.85548e-05,0,0.000217542,0,0.983749,5.42312e-07,0,0
0.989547,0.002677,-5.05378e+06,0.000204751,316.662,0.00850702,0.000155373,0,0,0.000346239,0,0,3.57995e-05,0.00177633,2.96821e-06,0.00118413,0.000992477,0,4.47474e-09,2.14257e-05,4.94492e-05,0,0,0.00026784,1.88795e-07,8.41193e-07,3.64723e-05,1.45143e-05,5.3942e-05,0,9.29468e-09,3.24601e-05,0,0.000183135,0,0.986339,4.54617e-07,0,0
0.991476,0.002188,-5.06364e+06,0.000167218,313.979,0.00711424,0.000129934,0,0,0.000286616,0,0,3.00131e-05,0.00148795,2.48088e-06,0.00099171,0.000831512,0,3.48897e-09,1.79436e-05,4.14219e-05,0,0,0.000224607,1.56186e-07,7.0226e-07,3.05808e-05,1.2163e-05,4.52741e-05,0,7.30753e-09,2.71891e-05,0,0.000153381,0,0.988571,3.79094e-07,0,0
0.993093,0.001777,-5.0719e+06,0.00013621,311.653,0.00591472,0.000108025,0,0,0.000236252,0,0,2.5005e-05,0.00123876,2.06168e-06,0.000825499,0.000692373,0,2.73125e-09,1.49355e-05,3.44853e-05,0,0,0.000187168,1.28547e-07,5.82728e-07,2.54803e-05,1.01294e-05,3.77549e-05,0,5.76055e-09,2.26351e-05,0,0.000127678,0,0.990496,3.14217e-07,0,0
0.994439,0.001433,-5.07878e+06,0.000110519,309.643,0.00488347,8.91899e-05,0,0,0.000193666,0,0,2.06814e-05,0.00102394,1.70164e-06,0.000682254,0.000572384,0,2.1426e-09,1.23431e-05,2.85051e-05,0,0,0.000154831,1.05166e-07,4.80185e-07,2.1076e-05,8.37499e-06,3.1251e-05,0,4.54536e-09,1.87094e-05,0,0.000105524,0,0.992151,2.58656e-07,0,0
0.99555,0.001149,-5.08446e+06,8.92483e-05,307.917,0.00400189,7.30885e-05,0,0,0.000157764,0,0,1.69724e-05,0.000839877,1.39408e-06,0.00055955,0.000469547,0,1.68198e-09,1.01226e-05,2.3381e-05,0,0,0.00012708,8.54869e-08,3.92763e-07,1.72972e-05,6.87093e-06,2.56628e-05,0,3.5854e-09,1.5346e-05,0,8.65469e-05,0,0.993567,2.11369e-07,0,0
0.996462,0.000915,-5.08911e+06,7.16415e-05,306.443,0.00325196,5.9392e-05,0,0,0.000127575,0,0,1.38082e-05,0.000683011,1.1326e-06,0.000455,0.000381885,0,1.31878e-09,8.23073e-06,1.9014e-05,0,0,0.0001034,6.89823e-08,3.18613e-07,1.40731e-05,5.58855e-06,2.08894e-05,0,2.82229e-09,1.24797e-05,0,7.03766e-05,0,0.994771,1.71325e-07,0,0
0.997204,0.000724,-5.09291e+06,5.71507e-05,305.198,0.00262051,4.78593e-05,0,0,0.000102395,0,0,1.11378e-05,0.000550727,9.12531e-07,0.000366849,0.000307947,0,1.03188e-09,6.63576e-06,1.53314e-05,0,0,8.34099e-05,5.52579e-08,2.56355e-07,1.13518e-05,4.50676e-06,1.68566e-05,0,2.21542e-09,1.00626e-05,0,5.67424e-05,0,0.995786,1.37751e-07,0,0
0.997804,0.000569,-5.09597e+06,4.52806e-05,304.157,0.00209343,3.8233e-05,0,0,8.15362e-05,0,0,8.90452e-06,0.000440175,7.28897e-07,0.00029319,0.000246146,0,8.04763e-10,5.30313e-06,1.22538e-05,0,0,6.66897e-05,4.39244e-08,2.04524e-07,9.07586e-06,3.60245e-06,1.34813e-05,0,1.73231e-09,8.04262e-06,0,4.53495e-05,0,0.996633,1.09835e-07,0,0
0.998286,0.000445,-5.09843e+06,3.56196e-05,303.294,0.00165783,3.02773e-05,0,0,6.44028e-05,0,0,7.05608e-06,0.000348722,5.77171e-07,0.000232264,0.000195016,0,6.25033e-10,4.20093e-06,9.70782e-06,0,0,5.28487e-05,3.4642e-08,1.61786e-07,7.19199e-06,2.85422e-06,1.06857e-05,0,1.34824e-09,6.37163e-06,0,3.59258e-05,0,0.997334,8.68414e-08,0,0
0.99867,0.000346,-5.10039e+06,2.78276e-05,302.589,0.00130213,2.37811e-05,0,0,5.04805e-05,0,0,5.54494e-06,0.000273989,4.53302e-07,0.000182481,0.000153229,0,4.83337e-10,3.3004e-06,7.62736e-06,0,0,4.15322e-05,2.71186e-08,1.26957e-07,5.65183e-06,2.24268e-06,8.39903e-06,0,1.04433e-09,5.00615e-06,0,2.82257e-05,0,0.997906,6.81191e-08,0,0
0.998974,0.000267,-5.10195e+06,2.15905e-05,302.018,0.0010146,1.85299e-05,0,0,3.92693e-05,0,0,4.32224e-06,0.000213542,3.53185e-07,0.000142218,0.000119428,0,3.71968e-10,2.57211e-06,5.9446e-06,0,0,3.23751e-05,2.10736e-08,9.88484e-08,4.40562e-06,1.74799e-06,6.54811e-06,0,8.04762e-10,3.90169e-06,0,2.19979e-05,0,0.998368,5.30204e-08,0,0
0.999213,0.000205,-5.10317e+06,1.66399e-05,301.562,0.000784597,1.43292e-05,0,0,3.03282e-05,0,0,3.34346e-06,0.000165166,2.73109e-07,0.000109997,9.23748e-05,0,2.84845e-10,1.98933e-06,4.5979e-06,0,0,2.50443e-05,1.62615e-08,7.63939e-08,3.40799e-06,1.35205e-06,5.06596e-06,0,6.16909e-10,3.0178e-06,0,1.70141e-05,0,0.998738,4.09657e-08,0,0
0.9994,0.000156,-5.10413e+06,1.27352e-05,301.199,0.000602074,1.09958e-05,0,0,2.32494e-05,0,0,2.56629e-06,0.000126762,2.09567e-07,8.44196e-05,7.08978e-05,0,2.16909e-10,1.52672e-06,3.52882e-06,0,0,1.92233e-05,1.24574e-08,5.85939e-08,2.61583e-06,1.03771e-06,3.88881e-06,0,4.70157e-10,2.31612e-06,0,1.30579e-05,0,0.999031,3.14142e-08,0,0
0.999545,0.000118,-5.10487e+06,9.68738e-06,300.914,0.000458929,8.38149e-06,0,0,1.77079e-05,0,0,1.95651e-06,9.66356e-05,1.59738e-07,6.43552e-05,5.40489e-05,0,1.64354e-10,1.16384e-06,2.69014e-06,0,0,1.46559e-05,9.48308e-09,4.4646e-08,1.9943e-06,7.91103e-07,2.96503e-06,0,3.56467e-10,1.76567e-06,0,9.95435e-06,0,0.999262,2.39324e-08,0,0
0.999658,8.9e-05,-5.10544e+06,7.29947e-06,300.69,0.00034636,6.32563e-06,0,0,1.33563e-05,0,0,1.47683e-06,7.29391e-05,1.20554e-07,4.85737e-05,4.07958e-05,0,1.23464e-10,8.78429e-07,2.03048e-06,0,0,1.10627e-05,7.1496e-09,3.36849e-08,1.50535e-06,5.97123e-07,2.23822e-06,0,2.67912e-10,1.3327e-06,0,7.51331e-06,0,0.999443,1.80545e-08,0,0
0.999743,6.7e-05,-5.10588e+06,5.49564e-06,300.52,0.000261084,4.76822e-06,0,0,1.00633e-05,0,0,1.11335e-06,5.49849e-05,9.08715e-08,3.66168e-05,3.0754e-05,0,9.27402e-11,6.62189e-07,1.53067e-06,0,0,8.34003e-06,5.3851e-09,2.53857e-08,1.13486e-06,4.50145e-07,1.68743e-06,0,2.01318e-10,1.00465e-06,0,5.66384e-06,0,0.99958,1.3605e-08,0,0
0.999809,5e-05,-5.10621e+06,4.09039e-06,300.387,0.000194507,3.55231e-06,0,0,7.49445e-06,0,0,8.29512e-07,4.09658e-05,6.76982e-08,2.72807e-05,2.29131e-05,0,6.8903e-11,4.93348e-07,1.1404e-06,0,0,6.21387e-06,4.00943e-09,1.89089e-08,8.45539e-07,3.35378e-07,1.25728e-06,0,1.49615e-10,7.48502e-07,0,4.21974e-06,0,0.999687,1.01331e-08,0,0
0.999858,3.7e-05,-5.10647e+06,3.04441e-06,300.289,0.00014487,2.64578e-06,0,0,5.58044e-06,0,0,6.17865e-07,3.05128e-05,5.04216e-08,2.03195e-05,1.70666e-05,0,5.12154e-11,3.6746e-07,8.49413e-07,0,0,4.62844e-06,2.98489e-09,1.40816e-08,6.29803e-07,2.49804e-07,9.36516e-07,0,1.11232e-10,5.57511e-07,0,3.143e-06,0,0.999767,7.54579e-09,0,0
0.999896,2.7e-05,-5.10666e+06,2.23166e-06,300.212,0.000106252,1.9405e-06,0,0,4.09203e-06,0,0,4.53184e-07,2.23797e-05,3.69805e-08,1.49034e-05,1.25176e-05,0,3.75039e-11,2.69512e-07,6.23005e-07,0,0,3.39482e-06,2.18844e-09,1.03268e-08,4.61941e-07,1.8322e-07,6.86919e-07,0,8.14665e-11,4.08908e-07,0,2.30524e-06,0,0.999829,5.53351e-09,0,0
0.999924,2e-05,-5.1068e+06,1.63188e-06,300.155,7.7727e-05,1.41954e-06,0,0,2.99301e-06,0,0,3.31531e-07,1.63719e-05,2.70524e-08,1.09026e-05,9.15728e-06,0,2.74036e-11,1.97161e-07,4.5576e-07,0,0,2.48353e-06,1.6005e-09,7.55384e-09,3.37938e-07,1.34036e-07,5.02531e-07,0,5.95337e-11,2.99137e-07,0,1.68639e-06,0,0.999875,4.04752e-09,0,0
0.999944,1.5e-05,-5.10691e+06,1.20299e-06,300.114,5.73154e-05,1.04676e-06,0,0,2.20679e-06,0,0,2.44476e-07,1.20727e-05,1.99482e-08,8.0396e-06,6.75265e-06,0,2.01905e-11,1.45387e-07,3.3608e-07,0,0,1.83139e-06,1.17998e-09,5.56986e-09,2.492e-07,9.88391e-08,3.70577e-07,0,4.38673e-11,2.20586e-07,0,1.24356e-06,0,0.999908,2.98439e-09,0,0
0.99996,1.1e-05,-5.10699e+06,8.59602e-07,300.082,4.09642e-05,7.48135e-07,0,0,1.57709e-06,0,0,1.74734e-07,8.62869e-06,1.42572e-08,5.74609e-06,4.82629e-06,0,1.44209e-11,1.03911e-07,2.40205e-07,0,0,1.30895e-06,8.43222e-10,3.98069e-09,1.78111e-07,7.06429e-08,2.64865e-07,0,3.1334e-11,1.57658e-07,0,8.88798e-07,0,0.999934,2.13285e-09,0,0
0.999971,8e-06,-5.10704e+06,6.23371e-07,300.059,2.97113e-05,5.42622e-07,0,0,1.14379e-06,0,0,1.26737e-07,6.25844e-06,1.03408e-08,4.16767e-06,3.50055e-06,0,1.04547e-11,7.53674e-08,1.74222e-07,0,0,9.49398e-07,6.11526e-10,2.88711e-09,1.29186e-07,5.12378e-08,1.9211e-07,0,2.27173e-11,1.1435e-07,0,6.4465e-07,0,0.999952,1.54689e-09,0,0
0.999979,5e-06,-5.10708e+06,4.51491e-07,300.043,2.15216e-05,3.93052e-07,0,0,8.28479e-07,0,0,9.18033e-08,4.53337e-06,7.49038e-09,3.01889e-06,2.53566e-06,0,7.57043e-12,5.45931e-08,1.262e-07,0,0,6.8771e-07,4.42929e-10,2.09125e-09,9.35776e-08,3.71147e-08,1.39158e-07,0,1.64505e-11,8.2831e-08,0,4.66959e-07,0,0.999965,1.12047e-09,0,0
0.999985,4e-06,-5.10712e+06,3.22539e-07,300.031,1.5376e-05,2.80815e-07,0,0,5.91885e-07,0,0,6.55891e-08,3.23887e-06,5.35147e-09,2.15685e-06,1.81161e-06,0,5.40733e-12,3.9004e-08,9.01634e-08,0,0,4.91336e-07,3.16432e-10,1.49406e-09,6.68568e-08,2.65167e-08,9.94225e-08,0,1.17504e-11,5.91787e-08,0,3.33619e-07,0,0.999975,8.00496e-10,0,0
0.99999,3e-06,-5.10714e+06,2.15051e-07,300.02,1.02526e-05,1.87245e-07,0,0,3.94654e-07,0,0,4.37346e-08,2.15966e-06,3.56832e-09,1.43818e-06,1.20797e-06,0,3.60482e-12,2.60077e-08,6.01205e-08,0,0,3.27622e-07,2.10985e-10,9.96215e-10,4.45799e-08,1.76812e-08,6.62948e-08,0,7.83363e-12,3.94601e-08,0,2.22455e-07,0,0.999984,5.33754e-10,0,0
0.999993,2e-06,-5.10715e+06,1.50546e-07,300.014,7.17765e-06,1.31086e-07,0,0,2.76285e-07,0,0,3.06178e-08,1.51194e-06,2.4981e-09,1.00684e-06,8.45678e-07,0,2.52335e-12,1.82075e-08,4.20892e-08,0,0,2.29362e-07,1.47702e-10,6.97424e-10,3.12096e-08,1.23783e-08,4.64119e-08,0,5.48355e-12,2.76252e-08,0,1.55737e-07,0,0.999988,3.73666e-10,0,0
0.999995,1e-06,-5.10716e+06,1.07538e-07,300.01,5.12728e-06,9.36402e-08,0,0,1.97359e-07,0,0,2.18716e-08,1.08004e-06,1.78449e-09,7.19226e-07,6.04102e-07,0,1.80238e-12,1.30063e-08,3.00661e-08,0,0,1.63843e-07,1.05507e-10,4.98195e-10,2.22943e-08,8.84231e-09,3.3154e-08,0,3.91683e-12,1.97338e-08,0,1.11249e-07,0,0.999992,2.66922e-10,0,0
0.999996,1e-06,-5.10717e+06,8.60325e-08,300.008,4.10198e-06,7.4915e-08,0,0,1.57892e-07,0,0,1.74979e-08,8.64065e-07,1.42765e-09,5.75403e-07,4.833e-07,0,1.4419e-12,1.04055e-08,2.40538e-08,0,0,1.31079e-07,8.44082e-11,3.9857e-10,1.78361e-08,7.07412e-09,2.65242e-08,0,3.13346e-12,1.57877e-08,0,8.90027e-08,0,0.999993,2.13545e-10,0,0
0.999997,1e-06,-5.10718e+06,6.45259e-08,300.006,3.0766e-06,5.61883e-08,0,0,1.18423e-07,0,0,1.3124e-08,6.48074e-07,1.07078e-09,4.31569e-07,3.62489e-07,0,1.08142e-12,7.8044e-09,1.8041e-08,0,0,9.83134e-08,6.33079e-11,2.98938e-10,1.33776e-08,5.3058e-09,1.98939e-08,0,2.3501e-12,1.18412e-08,0,6.67546e-08,0,0.999995,1.60164e-10,0,0
0.999998,0,-5.10718e+06,0,300.003,1e-06,0,0,0,0,0,0,0,0,0,0,0,0,0,0,0,0,0,0,0,0,0,0,0,0,0,0,0,0,0,0.999998,0,0,0
0.999999,0,-5.10718e+06,0,300.002,1e-06,0,0,0,0,0,0,0,0,0,0,0,0,0,0,0,0,0,0,0,0,0,0,0,0,0,0,0,0,0,0.999999,0,0,0
0.999999,0,-5.10719e+06,0,300.001,1e-06,0,0,0,0,0,0,0,0,0,0,0,0,0,0,0,0,0,0,0,0,0,0,0,0,0,0,0,0,0,0.999999,0,0,0
0.999999,0,-5.10719e+06,0,300.001,0,0,0,0,0,0,0,0,0,0,0,0,0,0,0,0,0,0,0,0,0,0,0,0,0,0,0,0,0,0,0.999999,0,0,0
1,0,-5.10719e+06,0,300.001,0,0,0,0,0,0,0,0,0,0,0,0,0,0,0,0,0,0,0,0,0,0,0,0,0,0,0,0,0,0,1,0,0,0
1,0,-5.10719e+06,0,300,0,0,0,0,0,0,0,0,0,0,0,0,0,0,0,0,0,0,0,0,0,0,0,0,0,0,0,0,0,0,1,0,0,0
1,0,-5.10719e+06,0,300,0,0,0,0,0,0,0,0,0,0,0,0,0,0,0,0,0,0,0,0,0,0,0,0,0,0,0,0,0,0,1,0,0,0
1,0,-5.10719e+06,0,300,0,0,0,0,0,0,0,0,0,0,0,0,0,0,0,0,0,0,0,0,0,0,0,0,0,0,0,0,0,0,1,0,0,0
1,0,-5.10719e+06,0,300,0,0,0,0,0,0,0,0,0,0,0,0,0,0,0,0,0,0,0,0,0,0,0,0,0,0,0,0,0,0,1,0,0,0
1,0,-5.10719e+06,0,300,0,0,0,0,0,0,0,0,0,0,0,0,0,0,0,0,0,0,0,0,0,0,0,0,0,0,0,0,0,0,1,0,0,0
1,0,-5.10719e+06,0,300,0,0,0,0,0,0,0,0,0,0,0,0,0,0,0,0,0,0,0,0,0,0,0,0,0,0,0,0,0,0,1,0,0,0
1,0,-5.10719e+06,0,300,0,0,0,0,0,0,0,0,0,0,0,0,0,0,0,0,0,0,0,0,0,0,0,0,0,0,0,0,0,0,1,0,0,0
1,0,-5.10719e+06,0,300,0,0,0,0,0,0,0,0,0,0,0,0,0,0,0,0,0,0,0,0,0,0,0,0,0,0,0,0,0,0,1,0,0,0
1,0,-5.10719e+06,0,300,0,0,0,0,0,0,0,0,0,0,0,0,0,0,0,0,0,0,0,0,0,0,0,0,0,0,0,0,0,0,1,0,0,0
1,0,-5.10719e+06,0,300,0,0,0,0,0,0,0,0,0,0,0,0,0,0,0,0,0,0,0,0,0,0,0,0,0,0,0,0,0,0,1,0,0,0
1,0,-5.10719e+06,0,300,0,0,0,0,0,0,0,0,0,0,0,0,0,0,0,0,0,0,0,0,0,0,0,0,0,0,0,0,0,0,1,0,0,0
1,0,-5.10719e+06,0,300,0,0,0,0,0,0,0,0,0,0,0,0,0,0,0,0,0,0,0,0,0,0,0,0,0,0,0,0,0,0,1,0,0,0
1,0,-5.10719e+06,0,300,0,0,0,0,0,0,0,0,0,0,0,0,0,0,0,0,0,0,0,0,0,0,0,0,0,0,0,0,0,0,1,0,0,0
1,0,-5.10719e+06,0,300,0,0,0,0,0,0,0,0,0,0,0,0,0,0,0,0,0,0,0,0,0,0,0,0,0,0,0,0,0,0,1,0,0,0
1,0,-5.10719e+06,0,300,0,0,0,0,0,0,0,0,0,0,0,0,0,0,0,0,0,0,0,0,0,0,0,0,0,0,0,0,0,0,1,0,0,0
1,0,-5.10719e+06,0,300,0,0,0,0,0,0,0,0,0,0,0,0,0,0,0,0,0,0,0,0,0,0,0,0,0,0,0,0,0,0,1,0,0,0
1,0,-5.10719e+06,0,300,0,0,0,0,0,0,0,0,0,0,0,0,0,0,0,0,0,0,0,0,0,0,0,0,0,0,0,0,0,0,1,0,0,0
1,0,-5.10719e+06,0,300,0,0,0,0,0,0,0,0,0,0,0,0,0,0,0,0,0,0,0,0,0,0,0,0,0,0,0,0,0,0,1,0,0,0
1,0,-5.10719e+06,0,300,0,0,0,0,0,0,0,0,0,0,0,0,0,0,0,0,0,0,0,0,0,0,0,0,0,0,0,0,0,0,1,0,0,0
1,0,-5.10719e+06,0,300,0,0,0,0,0,0,0,0,0,0,0,0,0,0,0,0,0,0,0,0,0,0,0,0,0,0,0,0,0,0,1,0,0,0
1,0,-5.10719e+06,0,300,0,0,0,0,0,0,0,0,0,0,0,0,0,0,0,0,0,0,0,0,0,0,0,0,0,0,0,0,0,0,1,0,0,0
1,0,-5.10719e+06,0,300,0,0,0,0,0,0,0,0,0,0,0,0,0,0,0,0,0,0,0,0,0,0,0,0,0,0,0,0,0,0,1,0,0,0
1,0,-5.10719e+06,0,300,0,0,0,0,0,0,0,0,0,0,0,0,0,0,0,0,0,0,0,0,0,0,0,0,0,0,0,0,0,0,1,0,0,0
1,0,-5.10719e+06,0,300,0,0,0,0,0,0,0,0,0,0,0,0,0,0,0,0,0,0,0,0,0,0,0,0,0,0,0,0,0,0,1,0,0,0
1,0,-5.10719e+06,0,300,0,0,0,0,0,0,0,0,0,0,0,0,0,0,0,0,0,0,0,0,0,0,0,0,0,0,0,0,0,0,1,0,0,0
1,0,-5.10719e+06,0,300,0,0,0,0,0,0,0,0,0,0,0,0,0,0,0,0,0,0,0,0,0,0,0,0,0,0,0,0,0,0,1,0,0,0
1,0,-5.10719e+06,0,300,0,0,0,0,0,0,0,0,0,0,0,0,0,0,0,0,0,0,0,0,0,0,0,0,0,0,0,0,0,0,1,0,0,0
1,0,-5.10719e+06,0,300,0,0,0,0,0,0,0,0,0,0,0,0,0,0,0,0,0,0,0,0,0,0,0,0,0,0,0,0,0,0,1,0,0,0
1,0,-5.10719e+06,0,300,0,0,0,0,0,0,0,0,0,0,0,0,0,0,0,0,0,0,0,0,0,0,0,0,0,0,0,0,0,0,1,0,0,0
1,0,-5.10719e+06,0,300,0,0,0,0,0,0,0,0,0,0,0,0,0,0,0,0,0,0,0,0,0,0,0,0,0,0,0,0,0,0,1,0,0,0
1,0,-5.10719e+06,0,300,0,0,0,0,0,0,0,0,0,0,0,0,0,0,0,0,0,0,0,0,0,0,0,0,0,0,0,0,0,0,1,0,0,0
1,0,-5.10719e+06,0,300,0,0,0,0,0,0,0,0,0,0,0,0,0,0,0,0,0,0,0,0,0,0,0,0,0,0,0,0,0,0,1,0,0,0
1,0,-5.10719e+06,0,300,0,0,0,0,0,0,0,0,0,0,0,0,0,0,0,0,0,0,0,0,0,0,0,0,0,0,0,0,0,0,1,0,0,0
1,0,-5.10719e+06,0,300,0,0,0,0,0,0,0,0,0,0,0,0,0,0,0,0,0,0,0,0,0,0,0,0,0,0,0,0,0,0,1,0,0,0
1,0,-5.10719e+06,0,300,0,0,0,0,0,0,0,0,0,0,0,0,0,0,0,0,0,0,0,0,0,0,0,0,0,0,0,0,0,0,1,0,0,0
1,0,-5.10719e+06,0,300,0,0,0,0,0,0,0,0,0,0,0,0,0,0,0,0,0,0,0,0,0,0,0,0,0,0,0,0,0,0,1,0,0,0
1,0,-5.10719e+06,0,300,0,0,0,0,0,0,0,0,0,0,0,0,0,0,0,0,0,0,0,0,0,0,0,0,0,0,0,0,0,0,1,0,0,0
1,0,-5.10719e+06,0,300,0,0,0,0,0,0,0,0,0,0,0,0,0,0,0,0,0,0,0,0,0,0,0,0,0,0,0,0,0,0,1,0,0,0
1,0,-5.10719e+06,0,300,0,0,0,0,0,0,0,0,0,0,0,0,0,0,0,0,0,0,0,0,0,0,0,0,0,0,0,0,0,0,1,0,0,0
1,0,-5.10719e+06,0,300,0,0,0,0,0,0,0,0,0,0,0,0,0,0,0,0,0,0,0,0,0,0,0,0,0,0,0,0,0,0,1,0,0,0
1,0,-5.10719e+06,0,300,0,0,0,0,0,0,0,0,0,0,0,0,0,0,0,0,0,0,0,0,0,0,0,0,0,0,0,0,0,0,1,0,0,0
1,0,-5.10719e+06,0,300,0,0,0,0,0,0,0,0,0,0,0,0,0,0,0,0,0,0,0,0,0,0,0,0,0,0,0,0,0,0,1,0,0,0
1,0,-5.10719e+06,0,300,0,0,0,0,0,0,0,0,0,0,0,0,0,0,0,0,0,0,0,0,0,0,0,0,0,0,0,0,0,0,1,0,0,0
1,0,-5.10719e+06,0,300,0,0,0,0,0,0,0,0,0,0,0,0,0,0,0,0,0,0,0,0,0,0,0,0,0,0,0,0,0,0,1,0,0,0
1,0,-5.10719e+06,0,300,0,0,0,0,0,0,0,0,0,0,0,0,0,0,0,0,0,0,0,0,0,0,0,0,0,0,0,0,0,0,1,0,0,0
1,0,-5.10719e+06,0,300,0,0,0,0,0,0,0,0,0,0,0,0,0,0,0,0,0,0,0,0,0,0,0,0,0,0,0,0,0,0,1,0,0,0
1,0,-5.10719e+06,0,300,0,0,0,0,0,0,0,0,0,0,0,0,0,0,0,0,0,0,0,0,0,0,0,0,0,0,0,0,0,0,1,0,0,0
1,0,-5.10719e+06,0,300,0,0,0,0,0,0,0,0,0,0,0,0,0,0,0,0,0,0,0,0,0,0,0,0,0,0,0,0,0,0,1,0,0,0
1,0,-5.10719e+06,0,300,0,0,0,0,0,0,0,0,0,0,0,0,0,0,0,0,0,0,0,0,0,0,0,0,0,0,0,0,0,0,1,0,0,0
1,0,-5.10719e+06,0,300,0,0,0,0,0,0,0,0,0,0,0,0,0,0,0,0,0,0,0,0,0,0,0,0,0,0,0,0,0,0,1,0,0,0
1,0,-5.10719e+06,0,300,0,0,0,0,0,0,0,0,0,0,0,0,0,0,0,0,0,0,0,0,0,0,0,0,0,0,0,0,0,0,1,0,0,0
1,0,-5.10719e+06,0,300,0,0,0,0,0,0,0,0,0,0,0,0,0,0,0,0,0,0,0,0,0,0,0,0,0,0,0,0,0,0,1,0,0,0
1,0,-5.10719e+06,0,300,0,0,0,0,0,0,0,0,0,0,0,0,0,0,0,0,0,0,0,0,0,0,0,0,0,0,0,0,0,0,1,0,0,0
1,0,-5.10719e+06,0,300,0,0,0,0,0,0,0,0,0,0,0,0,0,0,0,0,0,0,0,0,0,0,0,0,0,0,0,0,0,0,1,0,0,0
1,0,-5.10719e+06,0,300,0,0,0,0,0,0,0,0,0,0,0,0,0,0,0,0,0,0,0,0,0,0,0,0,0,0,0,0,0,0,1,0,0,0
1,0,-5.10719e+06,0,300,0,0,0,0,0,0,0,0,0,0,0,0,0,0,0,0,0,0,0,0,0,0,0,0,0,0,0,0,0,0,1,0,0,0
1,0,-5.10719e+06,0,300,0,0,0,0,0,0,0,0,0,0,0,0,0,0,0,0,0,0,0,0,0,0,0,0,0,0,0,0,0,0,1,0,0,0
1,0,-5.10719e+06,0,300,0,0,0,0,0,0,0,0,0,0,0,0,0,0,0,0,0,0,0,0,0,0,0,0,0,0,0,0,0,0,1,0,0,0
1,0,-5.10719e+06,0,300,0,0,0,0,0,0,0,0,0,0,0,0,0,0,0,0,0,0,0,0,0,0,0,0,0,0,0,0,0,0,1,0,0,0
1,0,-5.10719e+06,0,300,0,0,0,0,0,0,0,0,0,0,0,0,0,0,0,0,0,0,0,0,0,0,0,0,0,0,0,0,0,0,1,0,0,0
1,0,-5.10719e+06,0,300,0,0,0,0,0,0,0,0,0,0,0,0,0,0,0,0,0,0,0,0,0,0,0,0,0,0,0,0,0,0,1,0,0,0
1,0,-5.10719e+06,0,300,0,0,0,0,0,0,0,0,0,0,0,0,0,0,0,0,0,0,0,0,0,0,0,0,0,0,0,0,0,0,1,0,0,0
1,0,-5.10719e+06,0,300,0,0,0,0,0,0,0,0,0,0,0,0,0,0,0,0,0,0,0,0,0,0,0,0,0,0,0,0,0,0,1,0,0,0
1,0,-5.10719e+06,0,300,0,0,0,0,0,0,0,0,0,0,0,0,0,0,0,0,0,0,0,0,0,0,0,0,0,0,0,0,0,0,1,0,0,0
1,0,-5.10719e+06,0,300,0,0,0,0,0,0,0,0,0,0,0,0,0,0,0,0,0,0,0,0,0,0,0,0,0,0,0,0,0,0,1,0,0,0
1,0,-5.10719e+06,0,300,0,0,0,0,0,0,0,0,0,0,0,0,0,0,0,0,0,0,0,0,0,0,0,0,0,0,0,0,0,0,1,0,0,0
1,0,-5.10719e+06,0,300,0,0,0,0,0,0,0,0,0,0,0,0,0,0,0,0,0,0,0,0,0,0,0,0,0,0,0,0,0,0,1,0,0,0
1,0,-5.10719e+06,0,300,0,0,0,0,0,0,0,0,0,0,0,0,0,0,0,0,0,0,0,0,0,0,0,0,0,0,0,0,0,0,1,0,0,0
1,0,-5.10719e+06,0,300,0,0,0,0,0,0,0,0,0,0,0,0,0,0,0,0,0,0,0,0,0,0,0,0,0,0,0,0,0,0,1,0,0,0
1,0,-5.10719e+06,0,300,0,0,0,0,0,0,0,0,0,0,0,0,0,0,0,0,0,0,0,0,0,0,0,0,0,0,0,0,0,0,1,0,0,0
1,0,-5.10719e+06,0,300,0,0,0,0,0,0,0,0,0,0,0,0,0,0,0,0,0,0,0,0,0,0,0,0,0,0,0,0,0,0,1,0,0,0
1,0,-5.10719e+06,0,300,0,0,0,0,0,0,0,0,0,0,0,0,0,0,0,0,0,0,0,0,0,0,0,0,0,0,0,0,0,0,1,0,0,0
1,0,-5.10719e+06,0,300,0,0,0,0,0,0,0,0,0,0,0,0,0,0,0,0,0,0,0,0,0,0,0,0,0,0,0,0,0,0,1,0,0,0
1,0,-5.10719e+06,0,300,0,0,0,0,0,0,0,0,0,0,0,0,0,0,0,0,0,0,0,0,0,0,0,0,0,0,0,0,0,0,1,0,0,0
1,0,-5.10719e+06,0,300,0,0,0,0,0,0,0,0,0,0,0,0,0,0,0,0,0,0,0,0,0,0,0,0,0,0,0,0,0,0,1,0,0,0
1,0,-5.10719e+06,0,300,0,0,0,0,0,0,0,0,0,0,0,0,0,0,0,0,0,0,0,0,0,0,0,0,0,0,0,0,0,0,1,0,0,0
1,0,-5.10719e+06,0,300,0,0,0,0,0,0,0,0,0,0,0,0,0,0,0,0,0,0,0,0,0,0,0,0,0,0,0,0,0,0,1,0,0,0
1,0,-5.10719e+06,0,300,0,0,0,0,0,0,0,0,0,0,0,0,0,0,0,0,0,0,0,0,0,0,0,0,0,0,0,0,0,0,1,0,0,0
1,0,-5.10719e+06,0,300,0,0,0,0,0,0,0,0,0,0,0,0,0,0,0,0,0,0,0,0,0,0,0,0,0,0,0,0,0,0,1,0,0,0
1,0,-5.10719e+06,0,300,0,0,0,0,0,0,0,0,0,0,0,0,0,0,0,0,0,0,0,0,0,0,0,0,0,0,0,0,0,0,1,0,0,0
1,0,-5.10719e+06,0,300,0,0,0,0,0,0,0,0,0,0,0,0,0,0,0,0,0,0,0,0,0,0,0,0,0,0,0,0,0,0,1,0,0,0
1,0,-5.10719e+06,0,300,0,0,0,0,0,0,0,0,0,0,0,0,0,0,0,0,0,0,0,0,0,0,0,0,0,0,0,0,0,0,1,0,0,0
1,0,-5.10719e+06,0,300,0,0,0,0,0,0,0,0,0,0,0,0,0,0,0,0,0,0,0,0,0,0,0,0,0,0,0,0,0,0,1,0,0,0
1,0,-5.10719e+06,0,300,0,0,0,0,0,0,0,0,0,0,0,0,0,0,0,0,0,0,0,0,0,0,0,0,0,0,0,0,0,0,1,0,0,0
1,0,-5.10719e+06,0,300,0,0,0,0,0,0,0,0,0,0,0,0,0,0,0,0,0,0,0,0,0,0,0,0,0,0,0,0,0,0,1,0,0,0
1,0,-5.10719e+06,0,300,0,0,0,0,0,0,0,0,0,0,0,0,0,0,0,0,0,0,0,0,0,0,0,0,0,0,0,0,0,0,1,0,0,0
1,0,-5.10719e+06,0,300,0,0,0,0,0,0,0,0,0,0,0,0,0,0,0,0,0,0,0,0,0,0,0,0,0,0,0,0,0,0,1,0,0,0
1,0,-5.10719e+06,0,300,0,0,0,0,0,0,0,0,0,0,0,0,0,0,0,0,0,0,0,0,0,0,0,0,0,0,0,0,0,0,1,0,0,0
1,0,-5.10719e+06,0,300,0,0,0,0,0,0,0,0,0,0,0,0,0,0,0,0,0,0,0,0,0,0,0,0,0,0,0,0,0,0,1,0,0,0
1,0,-5.10719e+06,0,300,0,0,0,0,0,0,0,0,0,0,0,0,0,0,0,0,0,0,0,0,0,0,0,0,0,0,0,0,0,0,1,0,0,0
1,0,-5.10719e+06,0,300,0,0,0,0,0,0,0,0,0,0,0,0,0,0,0,0,0,0,0,0,0,0,0,0,0,0,0,0,0,0,1,0,0,0
1,0,-5.10719e+06,0,300,0,0,0,0,0,0,0,0,0,0,0,0,0,0,0,0,0,0,0,0,0,0,0,0,0,0,0,0,0,0,1,0,0,0
1,0,-5.10719e+06,0,300,0,0,0,0,0,0,0,0,0,0,0,0,0,0,0,0,0,0,0,0,0,0,0,0,0,0,0,0,0,0,1,0,0,0
1,0,-5.10719e+06,0,300,0,0,0,0,0,0,0,0,0,0,0,0,0,0,0,0,0,0,0,0,0,0,0,0,0,0,0,0,0,0,1,0,0,0
1,0,-5.10719e+06,0,300,0,0,0,0,0,0,0,0,0,0,0,0,0,0,0,0,0,0,0,0,0,0,0,0,0,0,0,0,0,0,1,0,0,0
1,0,-5.10719e+06,0,300,0,0,0,0,0,0,0,0,0,0,0,0,0,0,0,0,0,0,0,0,0,0,0,0,0,0,0,0,0,0,1,0,0,0
1,0,-5.10719e+06,0,300,0,0,0,0,0,0,0,0,0,0,0,0,0,0,0,0,0,0,0,0,0,0,0,0,0,0,0,0,0,0,1,0,0,0
1,0,-5.10719e+06,0,300,0,0,0,0,0,0,0,0,0,0,0,0,0,0,0,0,0,0,0,0,0,0,0,0,0,0,0,0,0,0,1,0,0,0
1,0,-5.10719e+06,0,300,0,0,0,0,0,0,0,0,0,0,0,0,0,0,0,0,0,0,0,0,0,0,0,0,0,0,0,0,0,0,1,0,0,0
1,0,-5.10719e+06,0,300,0,0,0,0,0,0,0,0,0,0,0,0,0,0,0,0,0,0,0,0,0,0,0,0,0,0,0,0,0,0,1,0,0,0
1,0,-5.10719e+06,0,300,0,0,0,0,0,0,0,0,0,0,0,0,0,0,0,0,0,0,0,0,0,0,0,0,0,0,0,0,0,0,1,0,0,0
1,0,-5.10719e+06,0,300,0,0,0,0,0,0,0,0,0,0,0,0,0,0,0,0,0,0,0,0,0,0,0,0,0,0,0,0,0,0,1,0,0,0
1,0,-5.10719e+06,0,300,0,0,0,0,0,0,0,0,0,0,0,0,0,0,0,0,0,0,0,0,0,0,0,0,0,0,0,0,0,0,1,0,0,0
1,0,-5.10719e+06,0,300,0,0,0,0,0,0,0,0,0,0,0,0,0,0,0,0,0,0,0,0,0,0,0,0,0,0,0,0,0,0,1,0,0,0
1,0,-5.10719e+06,0,300,0,0,0,0,0,0,0,0,0,0,0,0,0,0,0,0,0,0,0,0,0,0,0,0,0,0,0,0,0,0,1,0,0,0
1,0,-5.10719e+06,0,300,0,0,0,0,0,0,0,0,0,0,0,0,0,0,0,0,0,0,0,0,0,0,0,0,0,0,0,0,0,0,1,0,0,0
1,0,-5.10719e+06,0,300,0,0,0,0,0,0,0,0,0,0,0,0,0,0,0,0,0,0,0,0,0,0,0,0,0,0,0,0,0,0,1,0,0,0
1,0,-5.10719e+06,0,300,0,0,0,0,0,0,0,0,0,0,0,0,0,0,0,0,0,0,0,0,0,0,0,0,0,0,0,0,0,0,1,0,0,0
1,0,-5.10719e+06,0,300,0,0,0,0,0,0,0,0,0,0,0,0,0,0,0,0,0,0,0,0,0,0,0,0,0,0,0,0,0,0,1,0,0,0
1,0,-5.10719e+06,0,300,0,0,0,0,0,0,0,0,0,0,0,0,0,0,0,0,0,0,0,0,0,0,0,0,0,0,0,0,0,0,1,0,0,0
1,0,-5.10719e+06,0,300,0,0,0,0,0,0,0,0,0,0,0,0,0,0,0,0,0,0,0,0,0,0,0,0,0,0,0,0,0,0,1,0,0,0
1,0,-5.10719e+06,0,300,0,0,0,0,0,0,0,0,0,0,0,0,0,0,0,0,0,0,0,0,0,0,0,0,0,0,0,0,0,0,1,0,0,0
1,0,-5.10719e+06,0,300,0,0,0,0,0,0,0,0,0,0,0,0,0,0,0,0,0,0,0,0,0,0,0,0,0,0,0,0,0,0,1,0,0,0
1,0,-5.10719e+06,0,300,0,0,0,0,0,0,0,0,0,0,0,0,0,0,0,0,0,0,0,0,0,0,0,0,0,0,0,0,0,0,1,0,0,0
1,0,-5.10719e+06,0,300,0,0,0,0,0,0,0,0,0,0,0,0,0,0,0,0,0,0,0,0,0,0,0,0,0,0,0,0,0,0,1,0,0,0
1,0,-5.10719e+06,0,300,0,0,0,0,0,0,0,0,0,0,0,0,0,0,0,0,0,0,0,0,0,0,0,0,0,0,0,0,0,0,1,0,0,0
1,0,-5.10719e+06,0,300,0,0,0,0,0,0,0,0,0,0,0,0,0,0,0,0,0,0,0,0,0,0,0,0,0,0,0,0,0,0,1,0,0,0
1,0,-5.10719e+06,0,300,0,0,0,0,0,0,0,0,0,0,0,0,0,0,0,0,0,0,0,0,0,0,0,0,0,0,0,0,0,0,1,0,0,0
1,0,-5.10719e+06,0,300,0,0,0,0,0,0,0,0,0,0,0,0,0,0,0,0,0,0,0,0,0,0,0,0,0,0,0,0,0,0,1,0,0,0
1,0,-5.10719e+06,0,300,0,0,0,0,0,0,0,0,0,0,0,0,0,0,0,0,0,0,0,0,0,0,0,0,0,0,0,0,0,0,1,0,0,0
1,0,-5.10719e+06,0,300,0,0,0,0,0,0,0,0,0,0,0,0,0,0,0,0,0,0,0,0,0,0,0,0,0,0,0,0,0,0,1,0,0,0
1,0,-5.10719e+06,0,300,0,0,0,0,0,0,0,0,0,0,0,0,0,0,0,0,0,0,0,0,0,0,0,0,0,0,0,0,0,0,1,0,0,0
1,0,-5.10719e+06,0,300,0,0,0,0,0,0,0,0,0,0,0,0,0,0,0,0,0,0,0,0,0,0,0,0,0,0,0,0,0,0,1,0,0,0
1,0,-5.10719e+06,0,300,0,0,0,0,0,0,0,0,0,0,0,0,0,0,0,0,0,0,0,0,0,0,0,0,0,0,0,0,0,0,1,0,0,0
1,0,-5.10719e+06,0,300,0,0,0,0,0,0,0,0,0,0,0,0,0,0,0,0,0,0,0,0,0,0,0,0,0,0,0,0,0,0,1,0,0,0
1,0,-5.10719e+06,0,300,0,0,0,0,0,0,0,0,0,0,0,0,0,0,0,0,0,0,0,0,0,0,0,0,0,0,0,0,0,0,1,0,0,0
1,0,-5.10719e+06,0,300,0,0,0,0,0,0,0,0,0,0,0,0,0,0,0,0,0,0,0,0,0,0,0,0,0,0,0,0,0,0,1,0,0,0
1,0,-5.10719e+06,0,300,0,0,0,0,0,0,0,0,0,0,0,0,0,0,0,0,0,0,0,0,0,0,0,0,0,0,0,0,0,0,1,0,0,0
1,0,-5.10719e+06,0,300,0,0,0,0,0,0,0,0,0,0,0,0,0,0,0,0,0,0,0,0,0,0,0,0,0,0,0,0,0,0,1,0,0,0
1,0,-5.10719e+06,0,300,0,0,0,0,0,0,0,0,0,0,0,0,0,0,0,0,0,0,0,0,0,0,0,0,0,0,0,0,0,0,1,0,0,0
1,0,-5.10719e+06,0,300,0,0,0,0,0,0,0,0,0,0,0,0,0,0,0,0,0,0,0,0,0,0,0,0,0,0,0,0,0,0,1,0,0,0
1,0,-5.10719e+06,0,300,0,0,0,0,0,0,0,0,0,0,0,0,0,0,0,0,0,0,0,0,0,0,0,0,0,0,0,0,0,0,1,0,0,0
1,0,-5.10719e+06,0,300,0,0,0,0,0,0,0,0,0,0,0,0,0,0,0,0,0,0,0,0,0,0,0,0,0,0,0,0,0,0,1,0,0,0
1,0,-5.10719e+06,0,300,0,0,0,0,0,0,0,0,0,0,0,0,0,0,0,0,0,0,0,0,0,0,0,0,0,0,0,0,0,0,1,0,0,0
1,0,-5.10719e+06,0,300,0,0,0,0,0,0,0,0,0,0,0,0,0,0,0,0,0,0,0,0,0,0,0,0,0,0,0,0,0,0,1,0,0,0
1,0,-5.10719e+06,0,300,0,0,0,0,0,0,0,0,0,0,0,0,0,0,0,0,0,0,0,0,0,0,0,0,0,0,0,0,0,0,1,0,0,0
1,0,-5.10719e+06,0,300,0,0,0,0,0,0,0,0,0,0,0,0,0,0,0,0,0,0,0,0,0,0,0,0,0,0,0,0,0,0,1,0,0,0
1,0,-5.10719e+06,0,300,0,0,0,0,0,0,0,0,0,0,0,0,0,0,0,0,0,0,0,0,0,0,0,0,0,0,0,0,0,0,1,0,0,0
1,0,-5.10719e+06,0,300,0,0,0,0,0,0,0,0,0,0,0,0,0,0,0,0,0,0,0,0,0,0,0,0,0,0,0,0,0,0,1,0,0,0
1,0,-5.10719e+06,0,300,0,0,0,0,0,0,0,0,0,0,0,0,0,0,0,0,0,0,0,0,0,0,0,0,0,0,0,0,0,0,1,0,0,0
1,0,-5.10719e+06,0,300,0,0,0,0,0,0,0,0,0,0,0,0,0,0,0,0,0,0,0,0,0,0,0,0,0,0,0,0,0,0,1,0,0,0
1,0,-5.10719e+06,0,300,0,0,0,0,0,0,0,0,0,0,0,0,0,0,0,0,0,0,0,0,0,0,0,0,0,0,0,0,0,0,1,0,0,0
1,0,-5.10719e+06,0,300,0,0,0,0,0,0,0,0,0,0,0,0,0,0,0,0,0,0,0,0,0,0,0,0,0,0,0,0,0,0,1,0,0,0
1,0,-5.10719e+06,0,300,0,0,0,0,0,0,0,0,0,0,0,0,0,0,0,0,0,0,0,0,0,0,0,0,0,0,0,0,0,0,1,0,0,0
1,0,-5.10719e+06,0,300,0,0,0,0,0,0,0,0,0,0,0,0,0,0,0,0,0,0,0,0,0,0,0,0,0,0,0,0,0,0,1,0,0,0
1,0,-5.10719e+06,0,300,0,0,0,0,0,0,0,0,0,0,0,0,0,0,0,0,0,0,0,0,0,0,0,0,0,0,0,0,0,0,1,0,0,0
1,0,-5.10719e+06,0,300,0,0,0,0,0,0,0,0,0,0,0,0,0,0,0,0,0,0,0,0,0,0,0,0,0,0,0,0,0,0,1,0,0,0
1,0,-5.10719e+06,0,300,0,0,0,0,0,0,0,0,0,0,0,0,0,0,0,0,0,0,0,0,0,0,0,0,0,0,0,0,0,0,1,0,0,0
1,0,-5.10719e+06,0,300,0,0,0,0,0,0,0,0,0,0,0,0,0,0,0,0,0,0,0,0,0,0,0,0,0,0,0,0,0,0,1,0,0,0
1,0,-5.10719e+06,0,300,0,0,0,0,0,0,0,0,0,0,0,0,0,0,0,0,0,0,0,0,0,0,0,0,0,0,0,0,0,0,1,0,0,0
1,0,-5.10719e+06,0,300,0,0,0,0,0,0,0,0,0,0,0,0,0,0,0,0,0,0,0,0,0,0,0,0,0,0,0,0,0,0,1,0,0,0
1,0,-5.10719e+06,0,300,0,0,0,0,0,0,0,0,0,0,0,0,0,0,0,0,0,0,0,0,0,0,0,0,0,0,0,0,0,0,1,0,0,0
1,0,-5.10719e+06,0,300,0,0,0,0,0,0,0,0,0,0,0,0,0,0,0,0,0,0,0,0,0,0,0,0,0,0,0,0,0,0,1,0,0,0
1,0,-5.10719e+06,0,300,0,0,0,0,0,0,0,0,0,0,0,0,0,0,0,0,0,0,0,0,0,0,0,0,0,0,0,0,0,0,1,0,0,0
1,0,-5.10719e+06,0,300,0,0,0,0,0,0,0,0,0,0,0,0,0,0,0,0,0,0,0,0,0,0,0,0,0,0,0,0,0,0,1,0,0,0
1,0,-5.10719e+06,0,300,0,0,0,0,0,0,0,0,0,0,0,0,0,0,0,0,0,0,0,0,0,0,0,0,0,0,0,0,0,0,1,0,0,0
1,0,-5.10719e+06,0,300,0,0,0,0,0,0,0,0,0,0,0,0,0,0,0,0,0,0,0,0,0,0,0,0,0,0,0,0,0,0,1,0,0,0
1,0,-5.10719e+06,0,300,0,0,0,0,0,0,0,0,0,0,0,0,0,0,0,0,0,0,0,0,0,0,0,0,0,0,0,0,0,0,1,0,0,0
1,0,-5.10719e+06,0,300,0,0,0,0,0,0,0,0,0,0,0,0,0,0,0,0,0,0,0,0,0,0,0,0,0,0,0,0,0,0,1,0,0,0
1,0,-5.10719e+06,0,300,0,0,0,0,0,0,0,0,0,0,0,0,0,0,0,0,0,0,0,0,0,0,0,0,0,0,0,0,0,0,1,0,0,0
1,0,-5.10719e+06,0,300,0,0,0,0,0,0,0,0,0,0,0,0,0,0,0,0,0,0,0,0,0,0,0,0,0,0,0,0,0,0,1,0,0,0
1,0,-5.10719e+06,0,300,0,0,0,0,0,0,0,0,0,0,0,0,0,0,0,0,0,0,0,0,0,0,0,0,0,0,0,0,0,0,1,0,0,0
1,0,-5.10719e+06,0,300,0,0,0,0,0,0,0,0,0,0,0,0,0,0,0,0,0,0,0,0,0,0,0,0,0,0,0,0,0,0,1,0,0,0
1,0,-5.10719e+06,0,300,0,0,0,0,0,0,0,0,0,0,0,0,0,0,0,0,0,0,0,0,0,0,0,0,0,0,0,0,0,0,1,0,0,0
1,0,-5.10719e+06,0,300,0,0,0,0,0,0,0,0,0,0,0,0,0,0,0,0,0,0,0,0,0,0,0,0,0,0,0,0,0,0,1,0,0,0
1,0,-5.10719e+06,0,300,0,0,0,0,0,0,0,0,0,0,0,0,0,0,0,0,0,0,0,0,0,0,0,0,0,0,0,0,0,0,1,0,0,0
1,0,-5.10719e+06,0,300,0,0,0,0,0,0,0,0,0,0,0,0,0,0,0,0,0,0,0,0,0,0,0,0,0,0,0,0,0,0,1,0,0,0
1,0,-5.10719e+06,0,300,0,0,0,0,0,0,0,0,0,0,0,0,0,0,0,0,0,0,0,0,0,0,0,0,0,0,0,0,0,0,1,0,0,0
1,0,-5.10719e+06,0,300,0,0,0,0,0,0,0,0,0,0,0,0,0,0,0,0,0,0,0,0,0,0,0,0,0,0,0,0,0,0,1,0,0,0
1,0,-5.10719e+06,0,300,0,0,0,0,0,0,0,0,0,0,0,0,0,0,0,0,0,0,0,0,0,0,0,0,0,0,0,0,0,0,1,0,0,0
1,0,-5.10719e+06,0,300,0,0,0,0,0,0,0,0,0,0,0,0,0,0,0,0,0,0,0,0,0,0,0,0,0,0,0,0,0,0,1,0,0,0
1,0,-5.10719e+06,0,300,0,0,0,0,0,0,0,0,0,0,0,0,0,0,0,0,0,0,0,0,0,0,0,0,0,0,0,0,0,0,1,0,0,0
1,0,-5.10719e+06,0,300,0,0,0,0,0,0,0,0,0,0,0,0,0,0,0,0,0,0,0,0,0,0,0,0,0,0,0,0,0,0,1,0,0,0
1,0,-5.10719e+06,0,300,0,0,0,0,0,0,0,0,0,0,0,0,0,0,0,0,0,0,0,0,0,0,0,0,0,0,0,0,0,0,1,0,0,0
1,0,-5.10719e+06,0,300,0,0,0,0,0,0,0,0,0,0,0,0,0,0,0,0,0,0,0,0,0,0,0,0,0,0,0,0,0,0,1,0,0,0
1,0,-5.10719e+06,0,300,0,0,0,0,0,0,0,0,0,0,0,0,0,0,0,0,0,0,0,0,0,0,0,0,0,0,0,0,0,0,1,0,0,0
1,0,-5.10719e+06,0,300,0,0,0,0,0,0,0,0,0,0,0,0,0,0,0,0,0,0,0,0,0,0,0,0,0,0,0,0,0,0,1,0,0,0
1,0,-5.10719e+06,0,300,0,0,0,0,0,0,0,0,0,0,0,0,0,0,0,0,0,0,0,0,0,0,0,0,0,0,0,0,0,0,1,0,0,0
1,0,-5.10719e+06,0,300,0,0,0,0,0,0,0,0,0,0,0,0,0,0,0,0,0,0,0,0,0,0,0,0,0,0,0,0,0,0,1,0,0,0
1,0,-5.10719e+06,0,300,0,0,0,0,0,0,0,0,0,0,0,0,0,0,0,0,0,0,0,0,0,0,0,0,0,0,0,0,0,0,1,0,0,0
1,0,-5.10719e+06,0,300,0,0,0,0,0,0,0,0,0,0,0,0,0,0,0,0,0,0,0,0,0,0,0,0,0,0,0,0,0,0,1,0,0,0
1,0,-5.10719e+06,0,300,0,0,0,0,0,0,0,0,0,0,0,0,0,0,0,0,0,0,0,0,0,0,0,0,0,0,0,0,0,0,1,0,0,0
1,0,-5.10719e+06,0,300,0,0,0,0,0,0,0,0,0,0,0,0,0,0,0,0,0,0,0,0,0,0,0,0,0,0,0,0,0,0,1,0,0,0
1,0,-5.10719e+06,0,300,0,0,0,0,0,0,0,0,0,0,0,0,0,0,0,0,0,0,0,0,0,0,0,0,0,0,0,0,0,0,1,0,0,0
1,0,-5.10719e+06,0,300,0,0,0,0,0,0,0,0,0,0,0,0,0,0,0,0,0,0,0,0,0,0,0,0,0,0,0,0,0,0,1,0,0,0
1,0,-5.10719e+06,0,300,0,0,0,0,0,0,0,0,0,0,0,0,0,0,0,0,0,0,0,0,0,0,0,0,0,0,0,0,0,0,1,0,0,0
1,0,-5.10719e+06,0,300,0,0,0,0,0,0,0,0,0,0,0,0,0,0,0,0,0,0,0,0,0,0,0,0,0,0,0,0,0,0,1,0,0,0
1,0,-5.10719e+06,0,300,0,0,0,0,0,0,0,0,0,0,0,0,0,0,0,0,0,0,0,0,0,0,0,0,0,0,0,0,0,0,1,0,0,0
1,0,-5.10719e+06,0,300,0,0,0,0,0,0,0,0,0,0,0,0,0,0,0,0,0,0,0,0,0,0,0,0,0,0,0,0,0,0,1,0,0,0
1,0,-5.10719e+06,0,300,0,0,0,0,0,0,0,0,0,0,0,0,0,0,0,0,0,0,0,0,0,0,0,0,0,0,0,0,0,0,1,0,0,0
1,0,-5.10719e+06,0,300,0,0,0,0,0,0,0,0,0,0,0,0,0,0,0,0,0,0,0,0,0,0,0,0,0,0,0,0,0,0,1,0,0,0
1,0,-5.10719e+06,0,300,0,0,0,0,0,0,0,0,0,0,0,0,0,0,0,0,0,0,0,0,0,0,0,0,0,0,0,0,0,0,1,0,0,0
1,0,-5.10719e+06,0,300,0,0,0,0,0,0,0,0,0,0,0,0,0,0,0,0,0,0,0,0,0,0,0,0,0,0,0,0,0,0,1,0,0,0
1,0,-5.10719e+06,0,300,0,0,0,0,0,0,0,0,0,0,0,0,0,0,0,0,0,0,0,0,0,0,0,0,0,0,0,0,0,0,1,0,0,0
1,0,-5.10719e+06,0,300,0,0,0,0,0,0,0,0,0,0,0,0,0,0,0,0,0,0,0,0,0,0,0,0,0,0,0,0,0,0,1,0,0,0
1,0,-5.10719e+06,0,300,0,0,0,0,0,0,0,0,0,0,0,0,0,0,0,0,0,0,0,0,0,0,0,0,0,0,0,0,0,0,1,0,0,0
1,0,-5.10719e+06,0,300,0,0,0,0,0,0,0,0,0,0,0,0,0,0,0,0,0,0,0,0,0,0,0,0,0,0,0,0,0,0,1,0,0,0
1,0,-5.10719e+06,0,300,0,0,0,0,0,0,0,0,0,0,0,0,0,0,0,0,0,0,0,0,0,0,0,0,0,0,0,0,0,0,1,0,0,0
1,0,-5.10719e+06,0,300,0,0,0,0,0,0,0,0,0,0,0,0,0,0,0,0,0,0,0,0,0,0,0,0,0,0,0,0,0,0,1,0,0,0
1,0,-5.10719e+06,0,300,0,0,0,0,0,0,0,0,0,0,0,0,0,0,0,0,0,0,0,0,0,0,0,0,0,0,0,0,0,0,1,0,0,0
1,0,-5.10719e+06,0,300,0,0,0,0,0,0,0,0,0,0,0,0,0,0,0,0,0,0,0,0,0,0,0,0,0,0,0,0,0,0,1,0,0,0
1,0,-5.10719e+06,0,300,0,0,0,0,0,0,0,0,0,0,0,0,0,0,0,0,0,0,0,0,0,0,0,0,0,0,0,0,0,0,1,0,0,0
1,0,-5.10719e+06,0,300,0,0,0,0,0,0,0,0,0,0,0,0,0,0,0,0,0,0,0,0,0,0,0,0,0,0,0,0,0,0,1,0,0,0
1,0,-5.10719e+06,0,300,0,0,0,0,0,0,0,0,0,0,0,0,0,0,0,0,0,0,0,0,0,0,0,0,0,0,0,0,0,0,1,0,0,0
1,0,-5.10719e+06,0,300,0,0,0,0,0,0,0,0,0,0,0,0,0,0,0,0,0,0,0,0,0,0,0,0,0,0,0,0,0,0,1,0,0,0
1,0,-5.10719e+06,0,300,0,0,0,0,0,0,0,0,0,0,0,0,0,0,0,0,0,0,0,0,0,0,0,0,0,0,0,0,0,0,1,0,0,0
1,0,-5.10719e+06,0,300,0,0,0,0,0,0,0,0,0,0,0,0,0,0,0,0,0,0,0,0,0,0,0,0,0,0,0,0,0,0,1,0,0,0
1,0,-5.10719e+06,0,300,0,0,0,0,0,0,0,0,0,0,0,0,0,0,0,0,0,0,0,0,0,0,0,0,0,0,0,0,0,0,1,0,0,0
1,0,-5.10719e+06,0,300,0,0,0,0,0,0,0,0,0,0,0,0,0,0,0,0,0,0,0,0,0,0,0,0,0,0,0,0,0,0,1,0,0,0
1,0,-5.10719e+06,0,300,0,0,0,0,0,0,0,0,0,0,0,0,0,0,0,0,0,0,0,0,0,0,0,0,0,0,0,0,0,0,1,0,0,0
1,0,-5.10719e+06,0,300,0,0,0,0,0,0,0,0,0,0,0,0,0,0,0,0,0,0,0,0,0,0,0,0,0,0,0,0,0,0,1,0,0,0
1,0,-5.10719e+06,0,300,0,0,0,0,0,0,0,0,0,0,0,0,0,0,0,0,0,0,0,0,0,0,0,0,0,0,0,0,0,0,1,0,0,0
1,0,-5.10719e+06,0,300,0,0,0,0,0,0,0,0,0,0,0,0,0,0,0,0,0,0,0,0,0,0,0,0,0,0,0,0,0,0,1,0,0,0
1,0,-5.10719e+06,0,300,0,0,0,0,0,0,0,0,0,0,0,0,0,0,0,0,0,0,0,0,0,0,0,0,0,0,0,0,0,0,1,0,0,0
1,0,-5.10719e+06,0,300,0,0,0,0,0,0,0,0,0,0,0,0,0,0,0,0,0,0,0,0,0,0,0,0,0,0,0,0,0,0,1,0,0,0
1,0,-5.10719e+06,0,300,0,0,0,0,0,0,0,0,0,0,0,0,0,0,0,0,0,0,0,0,0,0,0,0,0,0,0,0,0,0,1,0,0,0
1,0,-5.10719e+06,0,300,0,0,0,0,0,0,0,0,0,0,0,0,0,0,0,0,0,0,0,0,0,0,0,0,0,0,0,0,0,0,1,0,0,0
1,0,-5.10719e+06,0,300,0,0,0,0,0,0,0,0,0,0,0,0,0,0,0,0,0,0,0,0,0,0,0,0,0,0,0,0,0,0,1,0,0,0
1,0,-5.10719e+06,0,300,0,0,0,0,0,0,0,0,0,0,0,0,0,0,0,0,0,0,0,0,0,0,0,0,0,0,0,0,0,0,1,0,0,0
1,0,-5.10719e+06,0,300,0,0,0,0,0,0,0,0,0,0,0,0,0,0,0,0,0,0,0,0,0,0,0,0,0,0,0,0,0,0,1,0,0,0
1,0,-5.10719e+06,0,300,0,0,0,0,0,0,0,0,0,0,0,0,0,0,0,0,0,0,0,0,0,0,0,0,0,0,0,0,0,0,1,0,0,0
1,0,-5.10719e+06,0,300,0,0,0,0,0,0,0,0,0,0,0,0,0,0,0,0,0,0,0,0,0,0,0,0,0,0,0,0,0,0,1,0,0,0
1,0,-5.10719e+06,0,300,0,0,0,0,0,0,0,0,0,0,0,0,0,0,0,0,0,0,0,0,0,0,0,0,0,0,0,0,0,0,1,0,0,0
1,0,-5.10719e+06,0,300,0,0,0,0,0,0,0,0,0,0,0,0,0,0,0,0,0,0,0,0,0,0,0,0,0,0,0,0,0,0,1,0,0,0
1,0,-5.10719e+06,0,300,0,0,0,0,0,0,0,0,0,0,0,0,0,0,0,0,0,0,0,0,0,0,0,0,0,0,0,0,0,0,1,0,0,0
1,0,-5.10719e+06,0,300,0,0,0,0,0,0,0,0,0,0,0,0,0,0,0,0,0,0,0,0,0,0,0,0,0,0,0,0,0,0,1,0,0,0
1,0,-5.10719e+06,0,300,0,0,0,0,0,0,0,0,0,0,0,0,0,0,0,0,0,0,0,0,0,0,0,0,0,0,0,0,0,0,1,0,0,0
1,0,-5.10719e+06,0,300,0,0,0,0,0,0,0,0,0,0,0,0,0,0,0,0,0,0,0,0,0,0,0,0,0,0,0,0,0,0,1,0,0,0
1,0,-5.10719e+06,0,300,0,0,0,0,0,0,0,0,0,0,0,0,0,0,0,0,0,0,0,0,0,0,0,0,0,0,0,0,0,0,1,0,0,0
1,0,-5.10719e+06,0,300,0,0,0,0,0,0,0,0,0,0,0,0,0,0,0,0,0,0,0,0,0,0,0,0,0,0,0,0,0,0,1,0,0,0
1,0,-5.10719e+06,0,300,0,0,0,0,0,0,0,0,0,0,0,0,0,0,0,0,0,0,0,0,0,0,0,0,0,0,0,0,0,0,1,0,0,0
1,0,-5.10719e+06,0,300,0,0,0,0,0,0,0,0,0,0,0,0,0,0,0,0,0,0,0,0,0,0,0,0,0,0,0,0,0,0,1,0,0,0
1,0,-5.10719e+06,0,300,0,0,0,0,0,0,0,0,0,0,0,0,0,0,0,0,0,0,0,0,0,0,0,0,0,0,0,0,0,0,1,0,0,0
1,0,-5.10719e+06,0,300,0,0,0,0,0,0,0,0,0,0,0,0,0,0,0,0,0,0,0,0,0,0,0,0,0,0,0,0,0,0,1,0,0,0
1,0,-5.10719e+06,0,300,0,0,0,0,0,0,0,0,0,0,0,0,0,0,0,0,0,0,0,0,0,0,0,0,0,0,0,0,0,0,1,0,0,0
1,0,-5.10719e+06,0,300,0,0,0,0,0,0,0,0,0,0,0,0,0,0,0,0,0,0,0,0,0,0,0,0,0,0,0,0,0,0,1,0,0,0
1,0,-5.10719e+06,0,300,0,0,0,0,0,0,0,0,0,0,0,0,0,0,0,0,0,0,0,0,0,0,0,0,0,0,0,0,0,0,1,0,0,0
1,0,-5.10719e+06,0,300,0,0,0,0,0,0,0,0,0,0,0,0,0,0,0,0,0,0,0,0,0,0,0,0,0,0,0,0,0,0,1,0,0,0
1,0,-5.10719e+06,0,300,0,0,0,0,0,0,0,0,0,0,0,0,0,0,0,0,0,0,0,0,0,0,0,0,0,0,0,0,0,0,1,0,0,0
1,0,-5.10719e+06,0,300,0,0,0,0,0,0,0,0,0,0,0,0,0,0,0,0,0,0,0,0,0,0,0,0,0,0,0,0,0,0,1,0,0,0
1,0,-5.10719e+06,0,300,0,0,0,0,0,0,0,0,0,0,0,0,0,0,0,0,0,0,0,0,0,0,0,0,0,0,0,0,0,0,1,0,0,0
1,0,-5.10719e+06,0,300,0,0,0,0,0,0,0,0,0,0,0,0,0,0,0,0,0,0,0,0,0,0,0,0,0,0,0,0,0,0,1,0,0,0
1,0,-5.10719e+06,0,300,0,0,0,0,0,0,0,0,0,0,0,0,0,0,0,0,0,0,0,0,0,0,0,0,0,0,0,0,0,0,1,0,0,0
1,0,-5.10719e+06,0,300,0,0,0,0,0,0,0,0,0,0,0,0,0,0,0,0,0,0,0,0,0,0,0,0,0,0,0,0,0,0,1,0,0,0
1,0,-5.10719e+06,0,300,0,0,0,0,0,0,0,0,0,0,0,0,0,0,0,0,0,0,0,0,0,0,0,0,0,0,0,0,0,0,1,0,0,0
1,0,-5.10719e+06,0,300,0,0,0,0,0,0,0,0,0,0,0,0,0,0,0,0,0,0,0,0,0,0,0,0,0,0,0,0,0,0,1,0,0,0
1,0,-5.10719e+06,0,300,0,0,0,0,0,0,0,0,0,0,0,0,0,0,0,0,0,0,0,0,0,0,0,0,0,0,0,0,0,0,1,0,0,0
1,0,-5.10719e+06,0,300,0,0,0,0,0,0,0,0,0,0,0,0,0,0,0,0,0,0,0,0,0,0,0,0,0,0,0,0,0,0,1,0,0,0
1,0,-5.10719e+06,0,300,0,0,0,0,0,0,0,0,0,0,0,0,0,0,0,0,0,0,0,0,0,0,0,0,0,0,0,0,0,0,1,0,0,0
1,0,-5.10719e+06,0,300,0,0,0,0,0,0,0,0,0,0,0,0,0,0,0,0,0,0,0,0,0,0,0,0,0,0,0,0,0,0,1,0,0,0
1,0,-5.10719e+06,0,300,0,0,0,0,0,0,0,0,0,0,0,0,0,0,0,0,0,0,0,0,0,0,0,0,0,0,0,0,0,0,1,0,0,0
1,0,-5.10719e+06,0,300,0,0,0,0,0,0,0,0,0,0,0,0,0,0,0,0,0,0,0,0,0,0,0,0,0,0,0,0,0,0,1,0,0,0
1,0,-5.10719e+06,0,300,0,0,0,0,0,0,0,0,0,0,0,0,0,0,0,0,0,0,0,0,0,0,0,0,0,0,0,0,0,0,1,0,0,0
1,0,-5.10719e+06,0,300,0,0,0,0,0,0,0,0,0,0,0,0,0,0,0,0,0,0,0,0,0,0,0,0,0,0,0,0,0,0,1,0,0,0
1,0,-5.10719e+06,0,300,0,0,0,0,0,0,0,0,0,0,0,0,0,0,0,0,0,0,0,0,0,0,0,0,0,0,0,0,0,0,1,0,0,0
1,0,-5.10719e+06,0,300,0,0,0,0,0,0,0,0,0,0,0,0,0,0,0,0,0,0,0,0,0,0,0,0,0,0,0,0,0,0,1,0,0,0
1,0,-5.10719e+06,0,300,0,0,0,0,0,0,0,0,0,0,0,0,0,0,0,0,0,0,0,0,0,0,0,0,0,0,0,0,0,0,1,0,0,0
1,0,-5.10719e+06,0,300,0,0,0,0,0,0,0,0,0,0,0,0,0,0,0,0,0,0,0,0,0,0,0,0,0,0,0,0,0,0,1,0,0,0
1,0,-5.10719e+06,0,300,0,0,0,0,0,0,0,0,0,0,0,0,0,0,0,0,0,0,0,0,0,0,0,0,0,0,0,0,0,0,1,0,0,0
1,0,-5.10719e+06,0,300,0,0,0,0,0,0,0,0,0,0,0,0,0,0,0,0,0,0,0,0,0,0,0,0,0,0,0,0,0,0,1,0,0,0
1,0,-5.10719e+06,0,300,0,0,0,0,0,0,0,0,0,0,0,0,0,0,0,0,0,0,0,0,0,0,0,0,0,0,0,0,0,0,1,0,0,0
1,0,-5.10719e+06,0,300,0,0,0,0,0,0,0,0,0,0,0,0,0,0,0,0,0,0,0,0,0,0,0,0,0,0,0,0,0,0,1,0,0,0
1,0,-5.10719e+06,0,300,0,0,0,0,0,0,0,0,0,0,0,0,0,0,0,0,0,0,0,0,0,0,0,0,0,0,0,0,0,0,1,0,0,0
1,0,-5.10719e+06,0,300,0,0,0,0,0,0,0,0,0,0,0,0,0,0,0,0,0,0,0,0,0,0,0,0,0,0,0,0,0,0,1,0,0,0
1,0,-5.10719e+06,0,300,0,0,0,0,0,0,0,0,0,0,0,0,0,0,0,0,0,0,0,0,0,0,0,0,0,0,0,0,0,0,1,0,0,0
1,0,-5.10719e+06,0,300,0,0,0,0,0,0,0,0,0,0,0,0,0,0,0,0,0,0,0,0,0,0,0,0,0,0,0,0,0,0,1,0,0,0
1,0,-5.10719e+06,0,300,0,0,0,0,0,0,0,0,0,0,0,0,0,0,0,0,0,0,0,0,0,0,0,0,0,0,0,0,0,0,1,0,0,0
1,0,-5.10719e+06,0,300,0,0,0,0,0,0,0,0,0,0,0,0,0,0,0,0,0,0,0,0,0,0,0,0,0,0,0,0,0,0,1,0,0,0
1,0,-5.10719e+06,0,300,0,0,0,0,0,0,0,0,0,0,0,0,0,0,0,0,0,0,0,0,0,0,0,0,0,0,0,0,0,0,1,0,0,0
1,0,-5.10719e+06,0,300,0,0,0,0,0,0,0,0,0,0,0,0,0,0,0,0,0,0,0,0,0,0,0,0,0,0,0,0,0,0,1,0,0,0
1,0,-5.10719e+06,0,300,0,0,0,0,0,0,0,0,0,0,0,0,0,0,0,0,0,0,0,0,0,0,0,0,0,0,0,0,0,0,1,0,0,0
1,0,-5.10719e+06,0,300,0,0,0,0,0,0,0,0,0,0,0,0,0,0,0,0,0,0,0,0,0,0,0,0,0,0,0,0,0,0,1,0,0,0
1,0,-5.10719e+06,0,300,0,0,0,0,0,0,0,0,0,0,0,0,0,0,0,0,0,0,0,0,0,0,0,0,0,0,0,0,0,0,1,0,0,0
1,0,-5.10719e+06,0,300,0,0,0,0,0,0,0,0,0,0,0,0,0,0,0,0,0,0,0,0,0,0,0,0,0,0,0,0,0,0,1,0,0,0
1,0,-5.10719e+06,0,300,0,0,0,0,0,0,0,0,0,0,0,0,0,0,0,0,0,0,0,0,0,0,0,0,0,0,0,0,0,0,1,0,0,0
1,0,-5.10719e+06,0,300,0,0,0,0,0,0,0,0,0,0,0,0,0,0,0,0,0,0,0,0,0,0,0,0,0,0,0,0,0,0,1,0,0,0
1,0,-5.10719e+06,0,300,0,0,0,0,0,0,0,0,0,0,0,0,0,0,0,0,0,0,0,0,0,0,0,0,0,0,0,0,0,0,1,0,0,0
1,0,-5.10719e+06,0,300,0,0,0,0,0,0,0,0,0,0,0,0,0,0,0,0,0,0,0,0,0,0,0,0,0,0,0,0,0,0,1,0,0,0
1,0,-5.10719e+06,0,300,0,0,0,0,0,0,0,0,0,0,0,0,0,0,0,0,0,0,0,0,0,0,0,0,0,0,0,0,0,0,1,0,0,0
1,0,-5.10719e+06,0,300,0,0,0,0,0,0,0,0,0,0,0,0,0,0,0,0,0,0,0,0,0,0,0,0,0,0,0,0,0,0,1,0,0,0
1,0,-5.10719e+06,0,300,0,0,0,0,0,0,0,0,0,0,0,0,0,0,0,0,0,0,0,0,0,0,0,0,0,0,0,0,0,0,1,0,0,0
1,0,-5.10719e+06,0,300,0,0,0,0,0,0,0,0,0,0,0,0,0,0,0,0,0,0,0,0,0,0,0,0,0,0,0,0,0,0,1,0,0,0
1,0,-5.10719e+06,0,300,0,0,0,0,0,0,0,0,0,0,0,0,0,0,0,0,0,0,0,0,0,0,0,0,0,0,0,0,0,0,1,0,0,0
1,0,-5.10719e+06,0,300,0,0,0,0,0,0,0,0,0,0,0,0,0,0,0,0,0,0,0,0,0,0,0,0,0,0,0,0,0,0,1,0,0,0
1,0,-5.10719e+06,0,300,0,0,0,0,0,0,0,0,0,0,0,0,0,0,0,0,0,0,0,0,0,0,0,0,0,0,0,0,0,0,1,0,0,0
1,0,-5.10719e+06,0,300,0,0,0,0,0,0,0,0,0,0,0,0,0,0,0,0,0,0,0,0,0,0,0,0,0,0,0,0,0,0,1,0,0,0
1,0,-5.10719e+06,0,300,0,0,0,0,0,0,0,0,0,0,0,0,0,0,0,0,0,0,0,0,0,0,0,0,0,0,0,0,0,0,1,0,0,0
1,0,-5.10719e+06,0,300,0,0,0,0,0,0,0,0,0,0,0,0,0,0,0,0,0,0,0,0,0,0,0,0,0,0,0,0,0,0,1,0,0,0
1,0,-5.10719e+06,0,300,0,0,0,0,0,0,0,0,0,0,0,0,0,0,0,0,0,0,0,0,0,0,0,0,0,0,0,0,0,0,1,0,0,0
1,0,-5.10719e+06,0,300,0,0,0,0,0,0,0,0,0,0,0,0,0,0,0,0,0,0,0,0,0,0,0,0,0,0,0,0,0,0,1,0,0,0
1,0,-5.10719e+06,0,300,0,0,0,0,0,0,0,0,0,0,0,0,0,0,0,0,0,0,0,0,0,0,0,0,0,0,0,0,0,0,1,0,0,0
1,0,-5.10719e+06,0,300,0,0,0,0,0,0,0,0,0,0,0,0,0,0,0,0,0,0,0,0,0,0,0,0,0,0,0,0,0,0,1,0,0,0
1,0,-5.10719e+06,0,300,0,0,0,0,0,0,0,0,0,0,0,0,0,0,0,0,0,0,0,0,0,0,0,0,0,0,0,0,0,0,1,0,0,0
1,0,-5.10719e+06,0,300,0,0,0,0,0,0,0,0,0,0,0,0,0,0,0,0,0,0,0,0,0,0,0,0,0,0,0,0,0,0,1,0,0,0
1,0,-5.10719e+06,0,300,0,0,0,0,0,0,0,0,0,0,0,0,0,0,0,0,0,0,0,0,0,0,0,0,0,0,0,0,0,0,1,0,0,0
1,0,-5.10719e+06,0,300,0,0,0,0,0,0,0,0,0,0,0,0,0,0,0,0,0,0,0,0,0,0,0,0,0,0,0,0,0,0,1,0,0,0
1,0,-5.10719e+06,0,300,0,0,0,0,0,0,0,0,0,0,0,0,0,0,0,0,0,0,0,0,0,0,0,0,0,0,0,0,0,0,1,0,0,0
1,0,-5.10719e+06,0,300,0,0,0,0,0,0,0,0,0,0,0,0,0,0,0,0,0,0,0,0,0,0,0,0,0,0,0,0,0,0,1,0,0,0
1,0,-5.10719e+06,0,300,0,0,0,0,0,0,0,0,0,0,0,0,0,0,0,0,0,0,0,0,0,0,0,0,0,0,0,0,0,0,1,0,0,0
1,0,-5.10719e+06,0,300,0,0,0,0,0,0,0,0,0,0,0,0,0,0,0,0,0,0,0,0,0,0,0,0,0,0,0,0,0,0,1,0,0,0
1,0,-5.10719e+06,0,300,0,0,0,0,0,0,0,0,0,0,0,0,0,0,0,0,0,0,0,0,0,0,0,0,0,0,0,0,0,0,1,0,0,0
1,0,-5.10719e+06,0,300,0,0,0,0,0,0,0,0,0,0,0,0,0,0,0,0,0,0,0,0,0,0,0,0,0,0,0,0,0,0,1,0,0,0
1,0,-5.10719e+06,0,300,0,0,0,0,0,0,0,0,0,0,0,0,0,0,0,0,0,0,0,0,0,0,0,0,0,0,0,0,0,0,1,0,0,0
1,0,-5.10719e+06,0,300,0,0,0,0,0,0,0,0,0,0,0,0,0,0,0,0,0,0,0,0,0,0,0,0,0,0,0,0,0,0,1,0,0,0
1,0,-5.10719e+06,0,300,0,0,0,0,0,0,0,0,0,0,0,0,0,0,0,0,0,0,0,0,0,0,0,0,0,0,0,0,0,0,1,0,0,0
1,0,-5.10719e+06,0,300,0,0,0,0,0,0,0,0,0,0,0,0,0,0,0,0,0,0,0,0,0,0,0,0,0,0,0,0,0,0,1,0,0,0
1,0,-5.10719e+06,0,300,0,0,0,0,0,0,0,0,0,0,0,0,0,0,0,0,0,0,0,0,0,0,0,0,0,0,0,0,0,0,1,0,0,0
1,0,-5.10719e+06,0,300,0,0,0,0,0,0,0,0,0,0,0,0,0,0,0,0,0,0,0,0,0,0,0,0,0,0,0,0,0,0,1,0,0,0
1,0,-5.10719e+06,0,300,0,0,0,0,0,0,0,0,0,0,0,0,0,0,0,0,0,0,0,0,0,0,0,0,0,0,0,0,0,0,1,0,0,0
1,0,-5.10719e+06,0,300,0,0,0,0,0,0,0,0,0,0,0,0,0,0,0,0,0,0,0,0,0,0,0,0,0,0,0,0,0,0,1,0,0,0
1,0,-5.10719e+06,0,300,0,0,0,0,0,0,0,0,0,0,0,0,0,0,0,0,0,0,0,0,0,0,0,0,0,0,0,0,0,0,1,0,0,0
1,0,-5.10719e+06,0,300,0,0,0,0,0,0,0,0,0,0,0,0,0,0,0,0,0,0,0,0,0,0,0,0,0,0,0,0,0,0,1,0,0,0
1,0,-5.10719e+06,0,300,0,0,0,0,0,0,0,0,0,0,0,0,0,0,0,0,0,0,0,0,0,0,0,0,0,0,0,0,0,0,1,0,0,0
1,0,-5.10719e+06,0,300,0,0,0,0,0,0,0,0,0,0,0,0,0,0,0,0,0,0,0,0,0,0,0,0,0,0,0,0,0,0,1,0,0,0
1,0,-5.10719e+06,0,300,0,0,0,0,0,0,0,0,0,0,0,0,0,0,0,0,0,0,0,0,0,0,0,0,0,0,0,0,0,0,1,0,0,0
1,0,-5.10719e+06,0,300,0,0,0,0,0,0,0,0,0,0,0,0,0,0,0,0,0,0,0,0,0,0,0,0,0,0,0,0,0,0,1,0,0,0
1,0,-5.10719e+06,0,300,0,0,0,0,0,0,0,0,0,0,0,0,0,0,0,0,0,0,0,0,0,0,0,0,0,0,0,0,0,0,1,0,0,0
1,0,-5.10719e+06,0,300,0,0,0,0,0,0,0,0,0,0,0,0,0,0,0,0,0,0,0,0,0,0,0,0,0,0,0,0,0,0,1,0,0,0
1,0,-5.10719e+06,0,300,0,0,0,0,0,0,0,0,0,0,0,0,0,0,0,0,0,0,0,0,0,0,0,0,0,0,0,0,0,0,1,0,0,0
1,0,-5.10719e+06,0,300,0,0,0,0,0,0,0,0,0,0,0,0,0,0,0,0,0,0,0,0,0,0,0,0,0,0,0,0,0,0,1,0,0,0
1,0,-5.10719e+06,0,300,0,0,0,0,0,0,0,0,0,0,0,0,0,0,0,0,0,0,0,0,0,0,0,0,0,0,0,0,0,0,1,0,0,0
1,0,-5.10719e+06,0,300,0,0,0,0,0,0,0,0,0,0,0,0,0,0,0,0,0,0,0,0,0,0,0,0,0,0,0,0,0,0,1,0,0,0
1,0,-5.10719e+06,0,300,0,0,0,0,0,0,0,0,0,0,0,0,0,0,0,0,0,0,0,0,0,0,0,0,0,0,0,0,0,0,1,0,0,0
1,0,-5.10719e+06,0,300,0,0,0,0,0,0,0,0,0,0,0,0,0,0,0,0,0,0,0,0,0,0,0,0,0,0,0,0,0,0,1,0,0,0
1,0,-5.10719e+06,0,300,0,0,0,0,0,0,0,0,0,0,0,0,0,0,0,0,0,0,0,0,0,0,0,0,0,0,0,0,0,0,1,0,0,0
1,0,-5.10719e+06,0,300,0,0,0,0,0,0,0,0,0,0,0,0,0,0,0,0,0,0,0,0,0,0,0,0,0,0,0,0,0,0,1,0,0,0
1,0,-5.10719e+06,0,300,0,0,0,0,0,0,0,0,0,0,0,0,0,0,0,0,0,0,0,0,0,0,0,0,0,0,0,0,0,0,1,0,0,0
1,0,-5.10719e+06,0,300,0,0,0,0,0,0,0,0,0,0,0,0,0,0,0,0,0,0,0,0,0,0,0,0,0,0,0,0,0,0,1,0,0,0
1,0,-5.10719e+06,0,300,0,0,0,0,0,0,0,0,0,0,0,0,0,0,0,0,0,0,0,0,0,0,0,0,0,0,0,0,0,0,1,0,0,0
1,0,-5.10719e+06,0,300,0,0,0,0,0,0,0,0,0,0,0,0,0,0,0,0,0,0,0,0,0,0,0,0,0,0,0,0,0,0,1,0,0,0
1,0,-5.10719e+06,0,300,0,0,0,0,0,0,0,0,0,0,0,0,0,0,0,0,0,0,0,0,0,0,0,0,0,0,0,0,0,0,1,0,0,0
1,0,-5.10719e+06,0,300,0,0,0,0,0,0,0,0,0,0,0,0,0,0,0,0,0,0,0,0,0,0,0,0,0,0,0,0,0,0,1,0,0,0
1,0,-5.10719e+06,0,300,0,0,0,0,0,0,0,0,0,0,0,0,0,0,0,0,0,0,0,0,0,0,0,0,0,0,0,0,0,0,1,0,0,0
1,0,-5.10719e+06,0,300,0,0,0,0,0,0,0,0,0,0,0,0,0,0,0,0,0,0,0,0,0,0,0,0,0,0,0,0,0,0,1,0,0,0
1,0,-5.10719e+06,0,300,0,0,0,0,0,0,0,0,0,0,0,0,0,0,0,0,0,0,0,0,0,0,0,0,0,0,0,0,0,0,1,0,0,0
1,0,-5.10719e+06,0,300,0,0,0,0,0,0,0,0,0,0,0,0,0,0,0,0,0,0,0,0,0,0,0,0,0,0,0,0,0,0,1,0,0,0
1,0,-5.10719e+06,0,300,0,0,0,0,0,0,0,0,0,0,0,0,0,0,0,0,0,0,0,0,0,0,0,0,0,0,0,0,0,0,1,0,0,0
1,0,-5.10719e+06,0,300,0,0,0,0,0,0,0,0,0,0,0,0,0,0,0,0,0,0,0,0,0,0,0,0,0,0,0,0,0,0,1,0,0,0
1,0,-5.10719e+06,0,300,0,0,0,0,0,0,0,0,0,0,0,0,0,0,0,0,0,0,0,0,0,0,0,0,0,0,0,0,0,0,1,0,0,0
1,0,-5.10719e+06,0,300,0,0,0,0,0,0,0,0,0,0,0,0,0,0,0,0,0,0,0,0,0,0,0,0,0,0,0,0,0,0,1,0,0,0
1,0,-5.10719e+06,0,300,0,0,0,0,0,0,0,0,0,0,0,0,0,0,0,0,0,0,0,0,0,0,0,0,0,0,0,0,0,0,1,0,0,0
1,0,-5.10719e+06,0,300,0,0,0,0,0,0,0,0,0,0,0,0,0,0,0,0,0,0,0,0,0,0,0,0,0,0,0,0,0,0,1,0,0,0
1,0,-5.10719e+06,0,300,0,0,0,0,0,0,0,0,0,0,0,0,0,0,0,0,0,0,0,0,0,0,0,0,0,0,0,0,0,0,1,0,0,0
1,0,-5.10719e+06,0,300,0,0,0,0,0,0,0,0,0,0,0,0,0,0,0,0,0,0,0,0,0,0,0,0,0,0,0,0,0,0,1,0,0,0
1,0,-5.10719e+06,0,300,0,0,0,0,0,0,0,0,0,0,0,0,0,0,0,0,0,0,0,0,0,0,0,0,0,0,0,0,0,0,1,0,0,0
1,0,-5.10719e+06,0,300,0,0,0,0,0,0,0,0,0,0,0,0,0,0,0,0,0,0,0,0,0,0,0,0,0,0,0,0,0,0,1,0,0,0
1,0,-5.10719e+06,0,300,0,0,0,0,0,0,0,0,0,0,0,0,0,0,0,0,0,0,0,0,0,0,0,0,0,0,0,0,0,0,1,0,0,0
1,0,-5.10719e+06,0,300,0,0,0,0,0,0,0,0,0,0,0,0,0,0,0,0,0,0,0,0,0,0,0,0,0,0,0,0,0,0,1,0,0,0
1,0,-5.10719e+06,0,300,0,0,0,0,0,0,0,0,0,0,0,0,0,0,0,0,0,0,0,0,0,0,0,0,0,0,0,0,0,0,1,0,0,0
1,0,-5.10719e+06,0,300,0,0,0,0,0,0,0,0,0,0,0,0,0,0,0,0,0,0,0,0,0,0,0,0,0,0,0,0,0,0,1,0,0,0
1,0,-5.10719e+06,0,300,0,0,0,0,0,0,0,0,0,0,0,0,0,0,0,0,0,0,0,0,0,0,0,0,0,0,0,0,0,0,1,0,0,0
1,0,-5.10719e+06,0,300,0,0,0,0,0,0,0,0,0,0,0,0,0,0,0,0,0,0,0,0,0,0,0,0,0,0,0,0,0,0,1,0,0,0
1,0,-5.10719e+06,0,300,0,0,0,0,0,0,0,0,0,0,0,0,0,0,0,0,0,0,0,0,0,0,0,0,0,0,0,0,0,0,1,0,0,0
1,0,-5.10719e+06,0,300,0,0,0,0,0,0,0,0,0,0,0,0,0,0,0,0,0,0,0,0,0,0,0,0,0,0,0,0,0,0,1,0,0,0
1,0,-5.10719e+06,0,300,0,0,0,0,0,0,0,0,0,0,0,0,0,0,0,0,0,0,0,0,0,0,0,0,0,0,0,0,0,0,1,0,0,0
1,0,-5.10719e+06,0,300,0,0,0,0,0,0,0,0,0,0,0,0,0,0,0,0,0,0,0,0,0,0,0,0,0,0,0,0,0,0,1,0,0,0
1,0,-5.10719e+06,0,300,0,0,0,0,0,0,0,0,0,0,0,0,0,0,0,0,0,0,0,0,0,0,0,0,0,0,0,0,0,0,1,0,0,0
1,0,-5.10719e+06,0,300,0,0,0,0,0,0,0,0,0,0,0,0,0,0,0,0,0,0,0,0,0,0,0,0,0,0,0,0,0,0,1,0,0,0
1,0,-5.10719e+06,0,300,0,0,0,0,0,0,0,0,0,0,0,0,0,0,0,0,0,0,0,0,0,0,0,0,0,0,0,0,0,0,1,0,0,0
1,0,-5.10719e+06,0,300,0,0,0,0,0,0,0,0,0,0,0,0,0,0,0,0,0,0,0,0,0,0,0,0,0,0,0,0,0,0,1,0,0,0
1,0,-5.10719e+06,0,300,0,0,0,0,0,0,0,0,0,0,0,0,0,0,0,0,0,0,0,0,0,0,0,0,0,0,0,0,0,0,1,0,0,0
1,0,-5.10719e+06,0,300,0,0,0,0,0,0,0,0,0,0,0,0,0,0,0,0,0,0,0,0,0,0,0,0,0,0,0,0,0,0,1,0,0,0
1,0,-5.10719e+06,0,300,0,0,0,0,0,0,0,0,0,0,0,0,0,0,0,0,0,0,0,0,0,0,0,0,0,0,0,0,0,0,1,0,0,0
1,0,-5.10719e+06,0,300,0,0,0,0,0,0,0,0,0,0,0,0,0,0,0,0,0,0,0,0,0,0,0,0,0,0,0,0,0,0,1,0,0,0
1,0,-5.10719e+06,0,300,0,0,0,0,0,0,0,0,0,0,0,0,0,0,0,0,0,0,0,0,0,0,0,0,0,0,0,0,0,0,1,0,0,0
1,0,-5.10719e+06,0,300,0,0,0,0,0,0,0,0,0,0,0,0,0,0,0,0,0,0,0,0,0,0,0,0,0,0,0,0,0,0,1,0,0,0
1,0,-5.10719e+06,0,300,0,0,0,0,0,0,0,0,0,0,0,0,0,0,0,0,0,0,0,0,0,0,0,0,0,0,0,0,0,0,1,0,0,0
1,0,-5.10719e+06,0,300,0,0,0,0,0,0,0,0,0,0,0,0,0,0,0,0,0,0,0,0,0,0,0,0,0,0,0,0,0,0,1,0,0,0
1,0,-5.10719e+06,0,300,0,0,0,0,0,0,0,0,0,0,0,0,0,0,0,0,0,0,0,0,0,0,0,0,0,0,0,0,0,0,1,0,0,0
1,0,-5.10719e+06,0,300,0,0,0,0,0,0,0,0,0,0,0,0,0,0,0,0,0,0,0,0,0,0,0,0,0,0,0,0,0,0,1,0,0,0
1,0,-5.10719e+06,0,300,0,0,0,0,0,0,0,0,0,0,0,0,0,0,0,0,0,0,0,0,0,0,0,0,0,0,0,0,0,0,1,0,0,0
1,0,-5.10719e+06,0,300,0,0,0,0,0,0,0,0,0,0,0,0,0,0,0,0,0,0,0,0,0,0,0,0,0,0,0,0,0,0,1,0,0,0
1,0,-5.10719e+06,0,300,0,0,0,0,0,0,0,0,0,0,0,0,0,0,0,0,0,0,0,0,0,0,0,0,0,0,0,0,0,0,1,0,0,0
1,0,-5.10719e+06,0,300,0,0,0,0,0,0,0,0,0,0,0,0,0,0,0,0,0,0,0,0,0,0,0,0,0,0,0,0,0,0,1,0,0,0
1,0,-5.10719e+06,0,300,0,0,0,0,0,0,0,0,0,0,0,0,0,0,0,0,0,0,0,0,0,0,0,0,0,0,0,0,0,0,1,0,0,0
1,0,-5.10719e+06,0,300,0,0,0,0,0,0,0,0,0,0,0,0,0,0,0,0,0,0,0,0,0,0,0,0,0,0,0,0,0,0,1,0,0,0
1,0,-5.10719e+06,0,300,0,0,0,0,0,0,0,0,0,0,0,0,0,0,0,0,0,0,0,0,0,0,0,0,0,0,0,0,0,0,1,0,0,0
1,0,-5.10719e+06,0,300,0,0,0,0,0,0,0,0,0,0,0,0,0,0,0,0,0,0,0,0,0,0,0,0,0,0,0,0,0,0,1,0,0,0
1,0,-5.10719e+06,0,300,0,0,0,0,0,0,0,0,0,0,0,0,0,0,0,0,0,0,0,0,0,0,0,0,0,0,0,0,0,0,1,0,0,0
1,0,-5.10719e+06,0,300,0,0,0,0,0,0,0,0,0,0,0,0,0,0,0,0,0,0,0,0,0,0,0,0,0,0,0,0,0,0,1,0,0,0
1,0,-5.10719e+06,0,300,0,0,0,0,0,0,0,0,0,0,0,0,0,0,0,0,0,0,0,0,0,0,0,0,0,0,0,0,0,0,1,0,0,0
1,0,-5.10719e+06,0,300,0,0,0,0,0,0,0,0,0,0,0,0,0,0,0,0,0,0,0,0,0,0,0,0,0,0,0,0,0,0,1,0,0,0
1,0,-5.10719e+06,0,300,0,0,0,0,0,0,0,0,0,0,0,0,0,0,0,0,0,0,0,0,0,0,0,0,0,0,0,0,0,0,1,0,0,0
1,0,-5.10719e+06,0,300,0,0,0,0,0,0,0,0,0,0,0,0,0,0,0,0,0,0,0,0,0,0,0,0,0,0,0,0,0,0,1,0,0,0
1,0,-5.10719e+06,0,300,0,0,0,0,0,0,0,0,0,0,0,0,0,0,0,0,0,0,0,0,0,0,0,0,0,0,0,0,0,0,1,0,0,0
1,0,-5.10719e+06,0,300,0,0,0,0,0,0,0,0,0,0,0,0,0,0,0,0,0,0,0,0,0,0,0,0,0,0,0,0,0,0,1,0,0,0
1,0,-5.10719e+06,0,300,0,0,0,0,0,0,0,0,0,0,0,0,0,0,0,0,0,0,0,0,0,0,0,0,0,0,0,0,0,0,1,0,0,0
1,0,-5.10719e+06,0,300,0,0,0,0,0,0,0,0,0,0,0,0,0,0,0,0,0,0,0,0,0,0,0,0,0,0,0,0,0,0,1,0,0,0
1,0,-5.10719e+06,0,300,0,0,0,0,0,0,0,0,0,0,0,0,0,0,0,0,0,0,0,0,0,0,0,0,0,0,0,0,0,0,1,0,0,0
1,0,-5.10719e+06,0,300,0,0,0,0,0,0,0,0,0,0,0,0,0,0,0,0,0,0,0,0,0,0,0,0,0,0,0,0,0,0,1,0,0,0
1,0,-5.10719e+06,0,300,0,0,0,0,0,0,0,0,0,0,0,0,0,0,0,0,0,0,0,0,0,0,0,0,0,0,0,0,0,0,1,0,0,0
1,0,-5.10719e+06,0,300,0,0,0,0,0,0,0,0,0,0,0,0,0,0,0,0,0,0,0,0,0,0,0,0,0,0,0,0,0,0,1,0,0,0
1,0,-5.10719e+06,0,300,0,0,0,0,0,0,0,0,0,0,0,0,0,0,0,0,0,0,0,0,0,0,0,0,0,0,0,0,0,0,1,0,0,0
1,0,-5.10719e+06,0,300,0,0,0,0,0,0,0,0,0,0,0,0,0,0,0,0,0,0,0,0,0,0,0,0,0,0,0,0,0,0,1,0,0,0
1,0,-5.10719e+06,0,300,0,0,0,0,0,0,0,0,0,0,0,0,0,0,0,0,0,0,0,0,0,0,0,0,0,0,0,0,0,0,1,0,0,0
1,0,-5.10719e+06,0,300,0,0,0,0,0,0,0,0,0,0,0,0,0,0,0,0,0,0,0,0,0,0,0,0,0,0,0,0,0,0,1,0,0,0
1,0,-5.10719e+06,0,300,0,0,0,0,0,0,0,0,0,0,0,0,0,0,0,0,0,0,0,0,0,0,0,0,0,0,0,0,0,0,1,0,0,0
1,0,-5.10719e+06,0,300,0,0,0,0,0,0,0,0,0,0,0,0,0,0,0,0,0,0,0,0,0,0,0,0,0,0,0,0,0,0,1,0,0,0
1,0,-5.10719e+06,0,300,0,0,0,0,0,0,0,0,0,0,0,0,0,0,0,0,0,0,0,0,0,0,0,0,0,0,0,0,0,0,1,0,0,0
1,0,-5.10719e+06,0,300,0,0,0,0,0,0,0,0,0,0,0,0,0,0,0,0,0,0,0,0,0,0,0,0,0,0,0,0,0,0,1,0,0,0
1,0,-5.10719e+06,0,300,0,0,0,0,0,0,0,0,0,0,0,0,0,0,0,0,0,0,0,0,0,0,0,0,0,0,0,0,0,0,1,0,0,0
1,0,-5.10719e+06,0,300,0,0,0,0,0,0,0,0,0,0,0,0,0,0,0,0,0,0,0,0,0,0,0,0,0,0,0,0,0,0,1,0,0,0
1,0,-5.10719e+06,0,300,0,0,0,0,0,0,0,0,0,0,0,0,0,0,0,0,0,0,0,0,0,0,0,0,0,0,0,0,0,0,1,0,0,0
1,0,-5.10719e+06,0,300,0,0,0,0,0,0,0,0,0,0,0,0,0,0,0,0,0,0,0,0,0,0,0,0,0,0,0,0,0,0,1,0,0,0
1,0,-5.10719e+06,0,300,0,0,0,0,0,0,0,0,0,0,0,0,0,0,0,0,0,0,0,0,0,0,0,0,0,0,0,0,0,0,1,0,0,0
1,0,-5.10719e+06,0,300,0,0,0,0,0,0,0,0,0,0,0,0,0,0,0,0,0,0,0,0,0,0,0,0,0,0,0,0,0,0,1,0,0,0
1,0,-5.10719e+06,0,300,0,0,0,0,0,0,0,0,0,0,0,0,0,0,0,0,0,0,0,0,0,0,0,0,0,0,0,0,0,0,1,0,0,0
1,0,-5.10719e+06,0,300,0,0,0,0,0,0,0,0,0,0,0,0,0,0,0,0,0,0,0,0,0,0,0,0,0,0,0,0,0,0,1,0,0,0
1,0,-5.10719e+06,0,300,0,0,0,0,0,0,0,0,0,0,0,0,0,0,0,0,0,0,0,0,0,0,0,0,0,0,0,0,0,0,1,0,0,0
1,0,-5.10719e+06,0,300,0,0,0,0,0,0,0,0,0,0,0,0,0,0,0,0,0,0,0,0,0,0,0,0,0,0,0,0,0,0,1,0,0,0
1,0,-5.10719e+06,0,300,0,0,0,0,0,0,0,0,0,0,0,0,0,0,0,0,0,0,0,0,0,0,0,0,0,0,0,0,0,0,1,0,0,0
1,0,-5.10719e+06,0,300,0,0,0,0,0,0,0,0,0,0,0,0,0,0,0,0,0,0,0,0,0,0,0,0,0,0,0,0,0,0,1,0,0,0
1,0,-5.10719e+06,0,300,0,0,0,0,0,0,0,0,0,0,0,0,0,0,0,0,0,0,0,0,0,0,0,0,0,0,0,0,0,0,1,0,0,0
1,0,-5.10719e+06,0,300,0,0,0,0,0,0,0,0,0,0,0,0,0,0,0,0,0,0,0,0,0,0,0,0,0,0,0,0,0,0,1,0,0,0
1,0,-5.10719e+06,0,300,0,0,0,0,0,0,0,0,0,0,0,0,0,0,0,0,0,0,0,0,0,0,0,0,0,0,0,0,0,0,1,0,0,0
1,0,-5.10719e+06,0,300,0,0,0,0,0,0,0,0,0,0,0,0,0,0,0,0,0,0,0,0,0,0,0,0,0,0,0,0,0,0,1,0,0,0
1,0,-5.10719e+06,0,300,0,0,0,0,0,0,0,0,0,0,0,0,0,0,0,0,0,0,0,0,0,0,0,0,0,0,0,0,0,0,1,0,0,0
1,0,-5.10719e+06,0,300,0,0,0,0,0,0,0,0,0,0,0,0,0,0,0,0,0,0,0,0,0,0,0,0,0,0,0,0,0,0,1,0,0,0
1,0,-5.10719e+06,0,300,0,0,0,0,0,0,0,0,0,0,0,0,0,0,0,0,0,0,0,0,0,0,0,0,0,0,0,0,0,0,1,0,0,0
1,0,-5.10719e+06,0,300,0,0,0,0,0,0,0,0,0,0,0,0,0,0,0,0,0,0,0,0,0,0,0,0,0,0,0,0,0,0,1,0,0,0
1,0,-5.10719e+06,0,300,0,0,0,0,0,0,0,0,0,0,0,0,0,0,0,0,0,0,0,0,0,0,0,0,0,0,0,0,0,0,1,0,0,0
1,0,-5.10719e+06,0,300,0,0,0,0,0,0,0,0,0,0,0,0,0,0,0,0,0,0,0,0,0,0,0,0,0,0,0,0,0,0,1,0,0,0
1,0,-5.10719e+06,0,300,0,0,0,0,0,0,0,0,0,0,0,0,0,0,0,0,0,0,0,0,0,0,0,0,0,0,0,0,0,0,1,0,0,0
1,0,-5.10719e+06,0,300,0,0,0,0,0,0,0,0,0,0,0,0,0,0,0,0,0,0,0,0,0,0,0,0,0,0,0,0,0,0,1,0,0,0
1,0,-5.10719e+06,0,300,0,0,0,0,0,0,0,0,0,0,0,0,0,0,0,0,0,0,0,0,0,0,0,0,0,0,0,0,0,0,1,0,0,0
1,0,-5.10719e+06,0,300,0,0,0,0,0,0,0,0,0,0,0,0,0,0,0,0,0,0,0,0,0,0,0,0,0,0,0,0,0,0,1,0,0,0
1,0,-5.10719e+06,0,300,0,0,0,0,0,0,0,0,0,0,0,0,0,0,0,0,0,0,0,0,0,0,0,0,0,0,0,0,0,0,1,0,0,0
1,0,-5.10719e+06,0,300,0,0,0,0,0,0,0,0,0,0,0,0,0,0,0,0,0,0,0,0,0,0,0,0,0,0,0,0,0,0,1,0,0,0
1,0,-5.10719e+06,0,300,0,0,0,0,0,0,0,0,0,0,0,0,0,0,0,0,0,0,0,0,0,0,0,0,0,0,0,0,0,0,1,0,0,0
1,0,-5.10719e+06,0,300,0,0,0,0,0,0,0,0,0,0,0,0,0,0,0,0,0,0,0,0,0,0,0,0,0,0,0,0,0,0,1,0,0,0
1,0,-5.10719e+06,0,300,0,0,0,0,0,0,0,0,0,0,0,0,0,0,0,0,0,0,0,0,0,0,0,0,0,0,0,0,0,0,1,0,0,0
1,0,-5.10719e+06,0,300,0,0,0,0,0,0,0,0,0,0,0,0,0,0,0,0,0,0,0,0,0,0,0,0,0,0,0,0,0,0,1,0,0,0
1,0,-5.10719e+06,0,300,0,0,0,0,0,0,0,0,0,0,0,0,0,0,0,0,0,0,0,0,0,0,0,0,0,0,0,0,0,0,1,0,0,0
1,0,-5.10719e+06,0,300,0,0,0,0,0,0,0,0,0,0,0,0,0,0,0,0,0,0,0,0,0,0,0,0,0,0,0,0,0,0,1,0,0,0
1,0,-5.10719e+06,0,300,0,0,0,0,0,0,0,0,0,0,0,0,0,0,0,0,0,0,0,0,0,0,0,0,0,0,0,0,0,0,1,0,0,0
1,0,-5.10719e+06,0,300,0,0,0,0,0,0,0,0,0,0,0,0,0,0,0,0,0,0,0,0,0,0,0,0,0,0,0,0,0,0,1,0,0,0
1,0,-5.10719e+06,0,300,0,0,0,0,0,0,0,0,0,0,0,0,0,0,0,0,0,0,0,0,0,0,0,0,0,0,0,0,0,0,1,0,0,0
1,0,-5.10719e+06,0,300,0,0,0,0,0,0,0,0,0,0,0,0,0,0,0,0,0,0,0,0,0,0,0,0,0,0,0,0,0,0,1,0,0,0
1,0,-5.10719e+06,0,300,0,0,0,0,0,0,0,0,0,0,0,0,0,0,0,0,0,0,0,0,0,0,0,0,0,0,0,0,0,0,1,0,0,0
1,0,-5.10719e+06,0,300,0,0,0,0,0,0,0,0,0,0,0,0,0,0,0,0,0,0,0,0,0,0,0,0,0,0,0,0,0,0,1,0,0,0
1,0,-5.10719e+06,0,300,0,0,0,0,0,0,0,0,0,0,0,0,0,0,0,0,0,0,0,0,0,0,0,0,0,0,0,0,0,0,1,0,0,0
1,0,-5.10719e+06,0,300,0,0,0,0,0,0,0,0,0,0,0,0,0,0,0,0,0,0,0,0,0,0,0,0,0,0,0,0,0,0,1,0,0,0
1,0,-5.10719e+06,0,300,0,0,0,0,0,0,0,0,0,0,0,0,0,0,0,0,0,0,0,0,0,0,0,0,0,0,0,0,0,0,1,0,0,0
1,0,-5.10719e+06,0,300,0,0,0,0,0,0,0,0,0,0,0,0,0,0,0,0,0,0,0,0,0,0,0,0,0,0,0,0,0,0,1,0,0,0
1,0,-5.10719e+06,0,300,0,0,0,0,0,0,0,0,0,0,0,0,0,0,0,0,0,0,0,0,0,0,0,0,0,0,0,0,0,0,1,0,0,0
1,0,-5.10719e+06,0,300,0,0,0,0,0,0,0,0,0,0,0,0,0,0,0,0,0,0,0,0,0,0,0,0,0,0,0,0,0,0,1,0,0,0
1,0,-5.10719e+06,0,300,0,0,0,0,0,0,0,0,0,0,0,0,0,0,0,0,0,0,0,0,0,0,0,0,0,0,0,0,0,0,1,0,0,0
1,0,-5.10719e+06,0,300,0,0,0,0,0,0,0,0,0,0,0,0,0,0,0,0,0,0,0,0,0,0,0,0,0,0,0,0,0,0,1,0,0,0
1,0,-5.10719e+06,0,300,0,0,0,0,0,0,0,0,0,0,0,0,0,0,0,0,0,0,0,0,0,0,0,0,0,0,0,0,0,0,1,0,0,0
1,0,-5.10719e+06,0,300,0,0,0,0,0,0,0,0,0,0,0,0,0,0,0,0,0,0,0,0,0,0,0,0,0,0,0,0,0,0,1,0,0,0
1,0,-5.10719e+06,0,300,0,0,0,0,0,0,0,0,0,0,0,0,0,0,0,0,0,0,0,0,0,0,0,0,0,0,0,0,0,0,1,0,0,0
1,0,-5.10719e+06,0,300,0,0,0,0,0,0,0,0,0,0,0,0,0,0,0,0,0,0,0,0,0,0,0,0,0,0,0,0,0,0,1,0,0,0
1,0,-5.10719e+06,0,300,0,0,0,0,0,0,0,0,0,0,0,0,0,0,0,0,0,0,0,0,0,0,0,0,0,0,0,0,0,0,1,0,0,0
1,0,-5.10719e+06,0,300,0,0,0,0,0,0,0,0,0,0,0,0,0,0,0,0,0,0,0,0,0,0,0,0,0,0,0,0,0,0,1,0,0,0
1,0,-5.10719e+06,0,300,0,0,0,0,0,0,0,0,0,0,0,0,0,0,0,0,0,0,0,0,0,0,0,0,0,0,0,0,0,0,1,0,0,0
1,0,-5.10719e+06,0,300,0,0,0,0,0,0,0,0,0,0,0,0,0,0,0,0,0,0,0,0,0,0,0,0,0,0,0,0,0,0,1,0,0,0
1,0,-5.10719e+06,0,300,0,0,0,0,0,0,0,0,0,0,0,0,0,0,0,0,0,0,0,0,0,0,0,0,0,0,0,0,0,0,1,0,0,0
1,0,-5.10719e+06,0,300,0,0,0,0,0,0,0,0,0,0,0,0,0,0,0,0,0,0,0,0,0,0,0,0,0,0,0,0,0,0,1,0,0,0
1,0,-5.10719e+06,0,300,0,0,0,0,0,0,0,0,0,0,0,0,0,0,0,0,0,0,0,0,0,0,0,0,0,0,0,0,0,0,1,0,0,0
1,0,-5.10719e+06,0,300,0,0,0,0,0,0,0,0,0,0,0,0,0,0,0,0,0,0,0,0,0,0,0,0,0,0,0,0,0,0,1,0,0,0
1,0,-5.10719e+06,0,300,0,0,0,0,0,0,0,0,0,0,0,0,0,0,0,0,0,0,0,0,0,0,0,0,0,0,0,0,0,0,1,0,0,0
1,0,-5.10719e+06,0,300,0,0,0,0,0,0,0,0,0,0,0,0,0,0,0,0,0,0,0,0,0,0,0,0,0,0,0,0,0,0,1,0,0,0
1,0,-5.10719e+06,0,300,0,0,0,0,0,0,0,0,0,0,0,0,0,0,0,0,0,0,0,0,0,0,0,0,0,0,0,0,0,0,1,0,0,0
1,0,-5.10719e+06,0,300,0,0,0,0,0,0,0,0,0,0,0,0,0,0,0,0,0,0,0,0,0,0,0,0,0,0,0,0,0,0,1,0,0,0
1,0,-5.10719e+06,0,300,0,0,0,0,0,0,0,0,0,0,0,0,0,0,0,0,0,0,0,0,0,0,0,0,0,0,0,0,0,0,1,0,0,0
1,0,-5.10719e+06,0,300,0,0,0,0,0,0,0,0,0,0,0,0,0,0,0,0,0,0,0,0,0,0,0,0,0,0,0,0,0,0,1,0,0,0
1,0,-5.10719e+06,0,300,0,0,0,0,0,0,0,0,0,0,0,0,0,0,0,0,0,0,0,0,0,0,0,0,0,0,0,0,0,0,1,0,0,0
1,0,-5.10719e+06,0,300,0,0,0,0,0,0,0,0,0,0,0,0,0,0,0,0,0,0,0,0,0,0,0,0,0,0,0,0,0,0,1,0,0,0
1,0,-5.10719e+06,0,300,0,0,0,0,0,0,0,0,0,0,0,0,0,0,0,0,0,0,0,0,0,0,0,0,0,0,0,0,0,0,1,0,0,0
1,0,-5.10719e+06,0,300,0,0,0,0,0,0,0,0,0,0,0,0,0,0,0,0,0,0,0,0,0,0,0,0,0,0,0,0,0,0,1,0,0,0
1,0,-5.10719e+06,0,300,0,0,0,0,0,0,0,0,0,0,0,0,0,0,0,0,0,0,0,0,0,0,0,0,0,0,0,0,0,0,1,0,0,0
1,0,-5.10719e+06,0,300,0,0,0,0,0,0,0,0,0,0,0,0,0,0,0,0,0,0,0,0,0,0,0,0,0,0,0,0,0,0,1,0,0,0
1,0,-5.10719e+06,0,300,0,0,0,0,0,0,0,0,0,0,0,0,0,0,0,0,0,0,0,0,0,0,0,0,0,0,0,0,0,0,1,0,0,0
1,0,-5.10719e+06,0,300,0,0,0,0,0,0,0,0,0,0,0,0,0,0,0,0,0,0,0,0,0,0,0,0,0,0,0,0,0,0,1,0,0,0
1,0,-5.10719e+06,0,300,0,0,0,0,0,0,0,0,0,0,0,0,0,0,0,0,0,0,0,0,0,0,0,0,0,0,0,0,0,0,1,0,0,0
1,0,-5.10719e+06,0,300,0,0,0,0,0,0,0,0,0,0,0,0,0,0,0,0,0,0,0,0,0,0,0,0,0,0,0,0,0,0,1,0,0,0
1,0,-5.10719e+06,0,300,0,0,0,0,0,0,0,0,0,0,0,0,0,0,0,0,0,0,0,0,0,0,0,0,0,0,0,0,0,0,1,0,0,0
1,0,-5.10719e+06,0,300,0,0,0,0,0,0,0,0,0,0,0,0,0,0,0,0,0,0,0,0,0,0,0,0,0,0,0,0,0,0,1,0,0,0
1,0,-5.10719e+06,0,300,0,0,0,0,0,0,0,0,0,0,0,0,0,0,0,0,0,0,0,0,0,0,0,0,0,0,0,0,0,0,1,0,0,0
1,0,-5.10719e+06,0,300,0,0,0,0,0,0,0,0,0,0,0,0,0,0,0,0,0,0,0,0,0,0,0,0,0,0,0,0,0,0,1,0,0,0
